ts,total,unique,delta
2018-11-29 00:43:12,1793,1590,203
2018-11-29 00:45:16,2119,1872,247
2018-11-29 00:47:20,2290,2009,281
2018-11-29 00:49:23,2483,2158,325
2018-11-29 00:51:26,2593,2254,339
2018-11-29 00:53:30,3172,2755,417
2018-11-29 00:55:35,6146,5675,471
2018-11-29 00:57:41,3069,2615,454
2018-11-29 00:59:45,2971,2520,451
2018-11-29 01:01:49,2809,2408,401
2018-11-29 01:03:53,2849,2441,408
2018-11-29 01:05:56,2539,2226,313
2018-11-29 01:08:02,2426,2144,282
2018-11-29 01:10:06,2279,2037,242
2018-11-29 01:12:10,3240,2933,307
2018-11-29 01:14:16,2786,2421,365
2018-11-29 01:16:20,2847,2480,367
2018-11-29 01:18:24,2791,2432,359
2018-11-29 01:20:27,3022,2622,400
2018-11-29 01:22:31,3628,3109,519
2018-11-29 01:24:36,3165,2710,455
2018-11-29 01:26:40,2833,2431,402
2018-11-29 01:28:44,6085,5592,493
2018-11-29 01:30:49,4729,3523,1206
2018-11-29 01:32:54,2941,2514,427
2018-11-29 01:34:58,3317,2848,469
2018-11-29 01:37:03,2957,2534,423
2018-11-29 01:39:06,4189,3786,403
2018-11-29 01:41:11,2737,2366,371
2018-11-29 01:43:15,4130,3355,775
2018-11-29 01:45:21,3193,2717,476
2018-11-29 01:47:25,3166,2704,462
2018-11-29 01:49:29,3033,2619,414
2018-11-29 01:51:32,2900,2520,380
2018-11-29 01:53:35,2474,2203,271
2018-11-29 01:55:40,2436,2169,267
2018-11-29 01:57:43,2606,2322,284
2018-11-29 01:59:48,2422,2128,294
2018-11-29 02:01:51,2261,1999,262
2018-11-29 02:03:55,2349,2075,274
2018-11-29 02:05:58,2195,1960,235
2018-11-29 02:08:03,2278,2030,248
2018-11-29 02:10:07,2129,1905,224
2018-11-29 02:12:11,2223,1992,231
2018-11-29 02:14:15,2028,1846,182
2018-11-29 02:16:19,2105,1911,194
2018-11-29 02:18:23,2211,2003,208
2018-11-29 02:20:26,2354,2110,244
2018-11-29 02:22:30,2393,2144,249
2018-11-29 02:24:33,2332,2089,243
2018-11-29 02:26:37,2204,1970,234
2018-11-29 02:28:41,2225,1982,243
2018-11-29 02:30:44,2127,1896,231
2018-11-29 02:32:49,2216,1973,243
2018-11-29 02:34:52,2715,2442,273
2018-11-29 02:36:55,2140,1915,225
2018-11-29 02:38:58,2175,1948,227
2018-11-29 02:41:02,2067,1869,198
2018-11-29 02:43:07,2114,1904,210
2018-11-29 02:45:10,2297,2066,231
2018-11-29 02:47:14,2435,2190,245
2018-11-29 02:49:17,2359,2128,231
2018-11-29 02:51:20,2558,2287,271
2018-11-29 02:53:24,2632,2358,274
2018-11-29 02:55:27,2448,2196,252
2018-11-29 02:57:31,2545,2288,257
2018-11-29 02:59:35,2297,2059,238
2018-11-29 03:01:39,2447,2154,293
2018-11-29 03:03:42,2304,2046,258
2018-11-29 03:05:45,2358,2090,268
2018-11-29 03:07:49,2274,2027,247
2018-11-29 03:09:53,2331,2082,249
2018-11-29 03:11:56,2298,2051,247
2018-11-29 03:13:59,2267,2026,241
2018-11-29 03:16:03,2378,2130,248
2018-11-29 03:18:08,2276,2053,223
2018-11-29 03:20:12,2320,2075,245
2018-11-29 03:22:16,2353,2102,251
2018-11-29 03:24:20,2073,1867,206
2018-11-29 03:26:24,2394,2162,232
2018-11-29 03:28:27,2823,2505,318
2018-11-29 03:30:31,2574,2294,280
2018-11-29 03:32:35,2342,2115,227
2018-11-29 03:34:39,2495,2253,242
2018-11-29 03:36:42,2570,2315,255
2018-11-29 03:38:44,2366,2159,207
2018-11-29 03:40:48,2323,2117,206
2018-11-29 03:42:54,2434,2219,215
2018-11-29 03:44:56,2225,2028,197
2018-11-29 03:47:00,2348,2140,208
2018-11-29 03:49:03,2425,2198,227
2018-11-29 03:51:08,2519,2271,248
2018-11-29 03:53:11,2334,2131,203
2018-11-29 03:55:15,2733,2466,267
2018-11-29 03:57:19,2526,2271,255
2018-11-29 03:59:23,2320,2094,226
2018-11-29 04:01:26,2441,2209,232
2018-11-29 04:03:30,2312,2078,234
2018-11-29 04:05:43,2615,2297,318
2018-11-29 04:07:46,2409,2154,255
2018-11-29 04:09:50,2487,2211,276
2018-11-29 04:11:53,2464,2200,264
2018-11-29 04:13:56,2503,2235,268
2018-11-29 04:16:02,2395,2130,265
2018-11-29 04:18:07,2389,2125,264
2018-11-29 04:20:11,2375,2112,263
2018-11-29 04:22:14,2900,2588,312
2018-11-29 04:24:17,2402,2144,258
2018-11-29 04:26:21,2439,2178,261
2018-11-29 04:28:25,2200,1981,219
2018-11-29 04:30:28,2287,2060,227
2018-11-29 04:32:31,2266,2041,225
2018-11-29 04:34:34,2260,2031,229
2018-11-29 04:36:38,2341,2095,246
2018-11-29 04:38:41,3743,3478,265
2018-11-29 04:40:46,2713,2386,327
2018-11-29 04:42:51,2776,2443,333
2018-11-29 04:44:53,2877,2520,357
2018-11-29 04:46:56,2876,2524,352
2018-11-29 04:48:59,2823,2483,340
2018-11-29 04:51:01,2079,1882,197
2018-11-29 04:53:04,2143,1934,209
2018-11-29 04:55:06,2411,2176,235
2018-11-29 04:57:09,2500,2252,248
2018-11-29 04:59:11,2442,2200,242
2018-11-29 05:01:14,2565,2308,257
2018-11-29 05:03:17,2615,2357,258
2018-11-29 05:05:19,2319,2078,241
2018-11-29 05:07:22,2396,2151,245
2018-11-29 05:09:24,2387,2138,249
2018-11-29 05:11:26,2364,2123,241
2018-11-29 05:13:29,2416,2165,251
2018-11-29 05:15:32,2207,2000,207
2018-11-29 05:17:36,2309,2084,225
2018-11-29 05:19:39,2346,2115,231
2018-11-29 05:21:44,2434,2186,248
2018-11-29 05:23:47,2296,2066,230
2018-11-29 05:25:50,2227,2004,223
2018-11-29 05:27:53,2325,2097,228
2018-11-29 05:29:56,2429,2191,238
2018-11-29 05:31:59,2233,2027,206
2018-11-29 05:34:01,2348,2116,232
2018-11-29 05:36:04,2392,2149,243
2018-11-29 05:38:07,2094,1902,192
2018-11-29 05:40:11,2212,2009,203
2018-11-29 05:42:13,2274,2061,213
2018-11-29 05:44:16,2444,2195,249
2018-11-29 05:46:19,2482,2224,258
2018-11-29 05:48:22,3153,2605,548
2018-11-29 05:50:26,2324,2073,251
2018-11-29 05:52:28,2334,2078,256
2018-11-29 05:54:30,2287,1991,296
2018-11-29 05:56:35,2383,2075,308
2018-11-29 05:58:38,2332,2047,285
2018-11-29 06:00:43,2258,1996,262
2018-11-29 06:02:46,2340,2071,269
2018-11-29 06:04:49,2464,2186,278
2018-11-29 06:06:52,2321,2068,253
2018-11-29 06:08:54,2410,2115,295
2018-11-29 06:10:56,2319,2045,274
2018-11-29 06:12:59,2349,2059,290
2018-11-29 06:15:02,2767,2410,357
2018-11-29 06:17:07,2471,2144,327
2018-11-29 06:19:10,2533,2189,344
2018-11-29 06:21:14,2494,2174,320
2018-11-29 06:23:17,2581,2243,338
2018-11-29 06:25:22,2360,2073,287
2018-11-29 06:27:25,2261,1995,266
2018-11-29 06:29:29,2399,2124,275
2018-11-29 06:31:33,2538,2238,300
2018-11-29 06:33:36,2373,2123,250
2018-11-29 06:35:39,2447,2179,268
2018-11-29 06:37:42,2402,2160,242
2018-11-29 06:39:44,2468,2210,258
2018-11-29 06:41:47,2698,2408,290
2018-11-29 06:43:50,2315,2050,265
2018-11-29 06:45:53,2398,2107,291
2018-11-29 06:47:57,2325,2043,282
2018-11-29 06:50:00,2366,2075,291
2018-11-29 06:52:03,2336,2052,284
2018-11-29 06:54:06,2379,2055,324
2018-11-29 06:56:10,2431,2103,328
2018-11-29 06:58:12,2307,2022,285
2018-11-29 07:00:15,2281,1987,294
2018-11-29 07:02:18,2201,1931,270
2018-11-29 07:04:20,2191,1930,261
2018-11-29 07:06:23,2077,1850,227
2018-11-29 07:08:26,2145,1916,229
2018-11-29 07:10:28,2290,2028,262
2018-11-29 07:12:31,2301,2036,265
2018-11-29 07:14:35,2095,1883,212
2018-11-29 07:16:39,2149,1927,222
2018-11-29 07:18:42,2178,1948,230
2018-11-29 07:20:44,1998,1792,206
2018-11-29 07:22:48,2052,1831,221
2018-11-29 07:24:52,2286,2014,272
2018-11-29 07:26:54,2258,1995,263
2018-11-29 07:28:57,2006,1807,199
2018-11-29 07:31:01,2152,1933,219
2018-11-29 07:33:06,2187,1963,224
2018-11-29 07:35:09,2145,1931,214
2018-11-29 07:37:12,2257,2032,225
2018-11-29 07:39:15,2286,2055,231
2018-11-29 07:41:18,2096,1890,206
2018-11-29 07:43:20,2160,1937,223
2018-11-29 07:45:23,2207,1976,231
2018-11-29 07:47:25,2155,1926,229
2018-11-29 07:49:29,2196,1977,219
2018-11-29 07:51:32,2471,2206,265
2018-11-29 07:53:36,2197,1972,225
2018-11-29 07:55:40,2242,2014,228
2018-11-29 07:57:43,3853,2830,1023
2018-11-29 07:59:47,2272,2052,220
2018-11-29 08:01:50,2354,2116,238
2018-11-29 08:03:53,2256,2027,229
2018-11-29 08:05:56,2337,2095,242
2018-11-29 08:08:00,2343,2103,240
2018-11-29 08:10:04,2332,2091,241
2018-11-29 08:12:08,2334,2100,234
2018-11-29 08:14:11,2264,2040,224
2018-11-29 08:16:13,2328,2098,230
2018-11-29 08:18:16,2362,2111,251
2018-11-29 08:20:20,2238,1996,242
2018-11-29 08:22:23,2319,2073,246
2018-11-29 08:24:27,2182,1952,230
2018-11-29 08:26:32,2230,1988,242
2018-11-29 08:28:35,2308,2057,251
2018-11-29 08:30:39,2292,2040,252
2018-11-29 08:32:42,2245,2006,239
2018-11-29 08:34:46,2316,2062,254
2018-11-29 08:36:49,2211,1973,238
2018-11-29 08:38:52,3317,2977,340
2018-11-29 08:40:58,3172,2683,489
2018-11-29 08:43:03,2650,2312,338
2018-11-29 08:45:11,2694,2342,352
2018-11-29 08:47:15,2615,2278,337
2018-11-29 08:49:18,2526,2196,330
2018-11-29 08:51:22,2298,2010,288
2018-11-29 08:53:26,2365,2053,312
2018-11-29 08:55:29,2403,2080,323
2018-11-29 08:57:32,2303,2001,302
2018-11-29 08:59:36,2299,2001,298
2018-11-29 09:01:39,2352,2050,302
2018-11-29 09:03:42,2161,1895,266
2018-11-29 09:05:45,2189,1908,281
2018-11-29 09:07:48,2331,2023,308
2018-11-29 09:09:52,2213,1941,272
2018-11-29 09:11:55,2283,2005,278
2018-11-29 09:13:58,2580,2311,269
2018-11-29 09:16:03,2185,1932,253
2018-11-29 09:18:06,2223,1964,259
2018-11-29 09:20:09,2069,1835,234
2018-11-29 09:22:12,2088,1847,241
2018-11-29 09:24:16,2185,1932,253
2018-11-29 09:26:19,2282,2002,280
2018-11-29 09:28:23,2040,1803,237
2018-11-29 09:30:27,2124,1872,252
2018-11-29 09:32:30,2192,1930,262
2018-11-29 09:34:36,2122,1878,244
2018-11-29 09:36:40,2044,1811,233
2018-11-29 09:38:47,2106,1861,245
2018-11-29 09:40:51,1988,1761,227
2018-11-29 09:42:54,2071,1807,264
2018-11-29 09:44:57,2166,1891,275
2018-11-29 09:47:01,2712,2376,336
2018-11-29 09:49:10,2391,2064,327
2018-11-29 09:51:13,2255,1969,286
2018-11-29 09:53:15,2437,2138,299
2018-11-29 09:55:17,2214,1961,253
2018-11-29 09:57:19,2261,2002,259
2018-11-29 09:59:21,2406,2122,284
2018-11-29 10:01:24,2236,1997,239
2018-11-29 10:03:25,2361,2092,269
2018-11-29 10:05:52,2441,2164,277
2018-11-29 10:07:57,2231,1995,236
2018-11-29 10:09:59,2339,2068,271
2018-11-29 10:12:03,2365,2085,280
2018-11-29 10:14:06,2257,2000,257
2018-11-29 10:16:08,2282,2017,265
2018-11-29 10:18:10,2342,2072,270
2018-11-29 10:20:13,2233,1969,264
2018-11-29 10:22:16,2276,2000,276
2018-11-29 10:24:19,2212,1954,258
2018-11-29 10:26:22,2132,1891,241
2018-11-29 10:28:26,2185,1936,249
2018-11-29 10:30:29,2530,2258,272
2018-11-29 10:32:33,2072,1833,239
2018-11-29 10:34:35,2163,1908,255
2018-11-29 10:36:40,2293,2020,273
2018-11-29 10:38:43,2319,2035,284
2018-11-29 10:40:47,2196,1969,227
2018-11-29 10:42:51,2326,2072,254
2018-11-29 10:44:54,2332,2062,270
2018-11-29 10:46:57,2247,1989,258
2018-11-29 10:49:01,2306,2033,273
2018-11-29 10:51:05,2266,1997,269
2018-11-29 10:53:09,2386,2097,289
2018-11-29 10:55:14,2468,2161,307
2018-11-29 10:57:17,2345,2093,252
2018-11-29 10:59:22,2219,1979,240
2018-11-29 11:01:26,2332,2072,260
2018-11-29 11:03:30,2366,2102,264
2018-11-29 11:05:36,2361,2110,251
2018-11-29 11:07:40,2667,2409,258
2018-11-29 11:09:44,2348,2133,215
2018-11-29 11:11:47,2405,2183,222
2018-11-29 11:13:51,2363,2154,209
2018-11-29 11:15:54,2400,2181,219
2018-11-29 11:17:58,2389,2166,223
2018-11-29 11:20:02,2323,2114,209
2018-11-29 11:22:06,2352,2131,221
2018-11-29 11:24:10,2201,2004,197
2018-11-29 11:26:14,2280,2057,223
2018-11-29 11:28:18,2316,2092,224
2018-11-29 11:30:21,2121,1921,200
2018-11-29 11:32:25,2079,1873,206
2018-11-29 11:34:28,2161,1934,227
2018-11-29 11:36:31,1978,1774,204
2018-11-29 11:38:35,2047,1824,223
2018-11-29 11:40:39,2419,2152,267
2018-11-29 11:42:42,2238,1989,249
2018-11-29 11:44:46,2099,1881,218
2018-11-29 11:46:49,2214,1961,253
2018-11-29 11:48:53,2265,2005,260
2018-11-29 11:50:56,2165,1927,238
2018-11-29 11:53:00,2219,1978,241
2018-11-29 11:54:21,2260,2009,251
2018-11-29 11:56:24,2315,2063,252
2018-11-29 11:58:27,2164,1952,212
2018-11-29 12:00:31,2265,2035,230
2018-11-29 12:02:35,2451,2192,259
2018-11-29 12:04:39,2384,2139,245
2018-11-29 12:06:41,2347,2108,239
2018-11-29 12:08:45,2456,2193,263
2018-11-29 12:10:48,2343,2099,244
2018-11-29 12:12:50,2718,2428,290
2018-11-29 12:14:54,2416,2144,272
2018-11-29 12:16:56,2237,1984,253
2018-11-29 12:18:58,2390,2091,299
2018-11-29 12:21:00,2251,1990,261
2018-11-29 12:23:04,2266,2004,262
2018-11-29 12:25:07,2367,2089,278
2018-11-29 12:27:10,2196,1943,253
2018-11-29 12:29:12,2328,2047,281
2018-11-29 12:31:14,2194,1943,251
2018-11-29 12:33:16,2289,2022,267
2018-11-29 12:35:18,2346,2063,283
2018-11-29 12:37:21,2067,1827,240
2018-11-29 12:39:26,4104,3599,505
2018-11-29 12:41:31,2819,2454,365
2018-11-29 12:43:35,2881,2502,379
2018-11-29 12:45:39,2799,2439,360
2018-11-29 12:47:41,2850,2482,368
2018-11-29 12:49:43,2315,2047,268
2018-11-29 12:51:47,2229,1961,268
2018-11-29 12:53:51,2292,2016,276
2018-11-29 12:55:54,2150,1896,254
2018-11-29 12:57:59,2260,1994,266
2018-11-29 13:00:01,2366,2078,288
2018-11-29 13:02:04,2465,2157,308
2018-11-29 13:04:08,2394,2122,272
2018-11-29 13:06:10,2726,2396,330
2018-11-29 13:08:14,2423,2141,282
2018-11-29 13:10:16,2492,2186,306
2018-11-29 13:12:18,2304,2044,260
2018-11-29 13:14:20,2363,2101,262
2018-11-29 13:16:22,2343,2082,261
2018-11-29 13:18:24,2280,2025,255
2018-11-29 13:20:26,2350,2082,268
2018-11-29 13:22:28,2714,2410,304
2018-11-29 13:24:29,2328,2070,258
2018-11-29 13:26:31,2383,2109,274
2018-11-29 13:28:34,2483,2170,313
2018-11-29 13:30:37,2530,2206,324
2018-11-29 13:32:41,2317,2022,295
2018-11-29 13:34:44,2459,2133,326
2018-11-29 13:36:46,2521,2190,331
2018-11-29 13:38:47,2384,2095,289
2018-11-29 13:40:50,2398,2094,304
2018-11-29 13:42:53,2411,2097,314
2018-11-29 13:44:55,2252,1969,283
2018-11-29 13:46:57,2265,1977,288
2018-11-29 13:48:59,3603,2728,875
2018-11-29 13:51:01,2213,1954,259
2018-11-29 13:53:04,2381,2087,294
2018-11-29 13:55:07,3203,2747,456
2018-11-29 13:57:11,2975,2544,431
2018-11-29 13:59:14,2919,2506,413
2018-11-29 14:01:16,3009,2574,435
2018-11-29 14:03:19,3114,2645,469
2018-11-29 14:05:45,2795,2415,380
2018-11-29 14:07:47,2949,2510,439
2018-11-29 14:09:49,2984,2533,451
2018-11-29 14:11:51,3245,2745,500
2018-11-29 14:13:57,3097,2623,474
2018-11-29 14:16:00,2982,2529,453
2018-11-29 14:18:04,2995,2572,423
2018-11-29 14:20:08,3274,2775,499
2018-11-29 14:22:11,3052,2600,452
2018-11-29 14:24:13,2853,2430,423
2018-11-29 14:26:17,3090,2627,463
2018-11-29 14:28:21,3228,2740,488
2018-11-29 14:30:24,3063,2634,429
2018-11-29 14:32:28,2833,2481,352
2018-11-29 14:34:30,2801,2437,364
2018-11-29 14:36:34,2858,2485,373
2018-11-29 14:38:39,2900,2527,373
2018-11-29 14:40:42,2527,2216,311
2018-11-29 14:42:46,2726,2404,322
2018-11-29 14:44:49,2429,2144,285
2018-11-29 14:46:52,2492,2192,300
2018-11-29 14:48:54,2666,2359,307
2018-11-29 14:50:58,2692,2379,313
2018-11-29 14:53:00,3640,3159,481
2018-11-29 14:55:03,3156,2735,421
2018-11-29 14:57:07,3228,2798,430
2018-11-29 14:59:09,3084,2689,395
2018-11-29 15:01:12,2723,2390,333
2018-11-29 15:03:16,2339,2096,243
2018-11-29 15:05:19,2407,2131,276
2018-11-29 15:07:21,2269,2012,257
2018-11-29 15:09:24,2277,2034,243
2018-11-29 15:11:27,2353,2095,258
2018-11-29 15:13:29,2368,2104,264
2018-11-29 15:15:33,2244,2015,229
2018-11-29 15:17:35,2277,2067,210
2018-11-29 15:19:38,2345,2123,222
2018-11-29 15:21:41,2325,2110,215
2018-11-29 15:22:36,2211,2006,205
2018-11-29 15:24:39,2276,2055,221
2018-11-29 15:26:41,2345,2113,232
2018-11-29 15:28:44,2825,2518,307
2018-11-29 15:30:47,3477,3037,440
2018-11-29 15:32:52,3423,3001,422
2018-11-29 15:34:56,3639,3152,487
2018-11-29 15:36:58,3751,3241,510
2018-11-29 15:39:03,3522,3043,479
2018-11-29 15:41:06,3660,3173,487
2018-11-29 15:43:10,3317,2874,443
2018-11-29 15:45:13,3122,2689,433
2018-11-29 15:47:17,3208,2760,448
2018-11-29 15:49:20,3357,2894,463
2018-11-29 15:51:23,3556,3038,518
2018-11-29 15:53:28,3442,2991,451
2018-11-29 15:54:32,3213,2760,453
2018-11-29 15:56:35,3206,2758,448
2018-11-29 15:58:39,3343,2865,478
2018-11-29 16:00:41,3038,2633,405
2018-11-29 16:02:45,3170,2732,438
2018-11-29 16:04:48,3059,2633,426
2018-11-29 16:06:51,2911,2514,397
2018-11-29 16:08:57,3003,2599,404
2018-11-29 16:11:02,2930,2525,405
2018-11-29 16:13:06,3110,2684,426
2018-11-29 16:15:08,3642,3125,517
2018-11-29 16:17:14,3009,2630,379
2018-11-29 16:19:16,2909,2547,362
2018-11-29 16:21:19,3061,2663,398
2018-11-29 16:23:22,3141,2732,409
2018-11-29 16:25:25,3647,3197,450
2018-11-29 16:27:28,3401,2976,425
2018-11-29 16:29:34,3344,2885,459
2018-11-29 16:31:39,3250,2794,456
2018-11-29 16:33:41,3506,2980,526
2018-11-29 16:35:45,3308,2825,483
2018-11-29 16:37:49,3131,2701,430
2018-11-29 16:39:55,3483,2987,496
2018-11-29 16:41:58,3374,2879,495
2018-11-29 16:44:02,3332,2829,503
2018-11-29 16:46:05,3821,3269,552
2018-11-29 16:48:11,3410,2921,489
2018-11-29 16:50:13,2841,2463,378
2018-11-29 16:52:16,2750,2384,366
2018-11-29 16:54:18,2675,2334,341
2018-11-29 16:56:22,2510,2212,298
2018-11-29 16:58:25,2455,2169,286
2018-11-29 17:00:28,2286,2041,245
2018-11-29 17:02:31,2278,2041,237
2018-11-29 17:04:33,2342,2097,245
2018-11-29 17:06:35,2360,2110,250
2018-11-29 17:08:38,2100,1907,193
2018-11-29 17:10:41,2374,2137,237
2018-11-29 17:12:44,2373,2137,236
2018-11-29 17:14:46,2852,2536,316
2018-11-29 17:16:49,2469,2209,260
2018-11-29 17:18:52,2646,2332,314
2018-11-29 17:20:55,2696,2374,322
2018-11-29 17:22:59,2569,2248,321
2018-11-29 17:25:00,2623,2270,353
2018-11-29 17:27:03,2557,2227,330
2018-11-29 17:29:07,2684,2347,337
2018-11-29 17:31:09,2827,2468,359
2018-11-29 17:33:13,2596,2276,320
2018-11-29 17:35:15,2542,2229,313
2018-11-29 17:37:17,2550,2236,314
2018-11-29 17:39:19,2557,2244,313
2018-11-29 17:41:22,2643,2341,302
2018-11-29 17:43:25,2511,2214,297
2018-11-29 17:45:26,2484,2206,278
2018-11-29 17:47:30,2684,2354,330
2018-11-29 17:49:32,2706,2392,314
2018-11-29 17:51:36,2928,2571,357
2018-11-29 17:53:39,2690,2353,337
2018-11-29 17:55:42,2688,2330,358
2018-11-29 17:57:45,2749,2382,367
2018-11-29 17:59:47,2820,2438,382
2018-11-29 18:01:50,2593,2254,339
2018-11-29 18:03:51,2695,2341,354
2018-11-29 18:05:55,2754,2379,375
2018-11-29 18:07:58,2931,2558,373
2018-11-29 18:10:01,2662,2320,342
2018-11-29 18:12:04,2698,2353,345
2018-11-29 18:14:07,2778,2428,350
2018-11-29 18:16:10,2748,2404,344
2018-11-29 18:18:14,2725,2398,327
2018-11-29 18:20:16,2659,2312,347
2018-11-29 18:22:18,2978,2569,409
2018-11-29 18:24:21,2968,2560,408
2018-11-29 18:26:23,2934,2537,397
2018-11-29 18:28:26,3078,2670,408
2018-11-29 18:30:30,3181,2771,410
2018-11-29 18:32:34,2741,2396,345
2018-11-29 18:34:36,3109,2733,376
2018-11-29 18:36:40,2814,2458,356
2018-11-29 18:38:42,3028,2647,381
2018-11-29 18:40:45,2645,2308,337
2018-11-29 18:42:47,2948,2561,387
2018-11-29 18:44:52,2643,2305,338
2018-11-29 18:46:54,2516,2204,312
2018-11-29 18:48:58,2924,2552,372
2018-11-29 18:51:00,2867,2535,332
2018-11-29 18:53:05,2683,2355,328
2018-11-29 18:55:07,2654,2339,315
2018-11-29 18:57:10,2891,2546,345
2018-11-29 18:59:11,2673,2343,330
2018-11-29 19:01:14,2779,2444,335
2018-11-29 19:03:16,2708,2389,319
2018-11-29 19:05:19,2597,2294,303
2018-11-29 19:07:21,2612,2304,308
2018-11-29 19:09:23,2671,2372,299
2018-11-29 19:11:26,2684,2384,300
2018-11-29 19:13:29,2605,2325,280
2018-11-29 19:15:31,2485,2207,278
2018-11-29 19:17:33,2985,2653,332
2018-11-29 19:19:38,2854,2513,341
2018-11-29 19:21:42,2528,2225,303
2018-11-29 19:23:44,3197,2782,415
2018-11-29 19:25:48,2595,2272,323
2018-11-29 19:27:50,2483,2188,295
2018-11-29 19:29:53,2517,2202,315
2018-11-29 19:31:55,2586,2251,335
2018-11-29 19:33:57,2488,2176,312
2018-11-29 19:36:00,2450,2141,309
2018-11-29 19:38:03,2545,2220,325
2018-11-29 19:40:05,2556,2241,315
2018-11-29 19:42:08,2515,2201,314
2018-11-29 19:44:11,2522,2217,305
2018-11-29 19:46:14,2590,2310,280
2018-11-29 19:48:19,2479,2185,294
2018-11-29 19:50:21,2878,2532,346
2018-11-29 19:52:23,2685,2322,363
2018-11-29 19:54:25,2558,2226,332
2018-11-29 19:56:27,2735,2391,344
2018-11-29 19:58:30,2797,2436,361
2018-11-29 20:00:33,2616,2290,326
2018-11-29 20:02:36,2572,2231,341
2018-11-29 20:04:39,2734,2355,379
2018-11-29 20:06:43,2785,2402,383
2018-11-29 20:08:45,2774,2387,387
2018-11-29 20:10:47,2969,2507,462
2018-11-29 20:12:49,2649,2266,383
2018-11-29 20:14:52,2569,2198,371
2018-11-29 20:16:54,2478,2123,355
2018-11-29 20:18:57,2759,2357,402
2018-11-29 20:21:00,2732,2331,401
2018-11-29 20:23:03,2815,2416,399
2018-11-29 20:25:06,2733,2339,394
2018-11-29 20:27:10,2728,2374,354
2018-11-29 20:29:13,2523,2225,298
2018-11-29 20:31:15,2458,2152,306
2018-11-29 20:33:19,2960,2644,316
2018-11-29 20:35:22,2620,2288,332
2018-11-29 20:37:24,2785,2429,356
2018-11-29 20:39:27,3484,2986,498
2018-11-29 20:41:30,3410,2949,461
2018-11-29 20:43:32,3156,2703,453
2018-11-29 20:45:34,3134,2704,430
2018-11-29 20:47:36,3208,2766,442
2018-11-29 20:49:40,2972,2584,388
2018-11-29 20:51:42,2997,2597,400
2018-11-29 20:53:45,2570,2244,326
2018-11-29 20:55:47,2841,2480,361
2018-11-29 20:57:49,2855,2497,358
2018-11-29 20:59:52,2770,2434,336
2018-11-29 21:01:54,2867,2532,335
2018-11-29 21:03:56,2605,2302,303
2018-11-29 21:05:59,2764,2426,338
2018-11-29 21:08:02,2703,2371,332
2018-11-29 21:10:04,2657,2342,315
2018-11-29 21:12:07,2605,2254,351
2018-11-29 21:14:10,2609,2260,349
2018-11-29 21:16:12,2460,2158,302
2018-11-29 21:18:15,2623,2274,349
2018-11-29 21:20:18,2442,2117,325
2018-11-29 21:22:21,2730,2372,358
2018-11-29 21:24:23,2616,2256,360
2018-11-29 21:26:25,2628,2258,370
2018-11-29 21:28:30,2494,2177,317
2018-11-29 21:30:32,2594,2268,326
2018-11-29 21:32:34,3045,2637,408
2018-11-29 21:34:38,2656,2336,320
2018-11-29 21:36:40,2712,2366,346
2018-11-29 21:38:44,2405,2129,276
2018-11-29 21:40:46,2429,2135,294
2018-11-29 21:42:48,2455,2149,306
2018-11-29 21:44:51,2445,2132,313
2018-11-29 21:46:55,2405,2095,310
2018-11-29 21:48:57,2850,2486,364
2018-11-29 21:51:00,2610,2283,327
2018-11-29 21:53:04,2751,2387,364
2018-11-29 21:55:07,2669,2333,336
2018-11-29 21:57:10,2670,2336,334
2018-11-29 21:59:13,2481,2169,312
2018-11-29 22:01:17,2417,2123,294
2018-11-29 22:03:20,2529,2198,331
2018-11-29 22:05:44,2569,2236,333
2018-11-29 22:07:46,2516,2192,324
2018-11-29 22:09:48,2459,2145,314
2018-11-29 22:11:51,3295,2710,585
2018-11-29 22:13:54,2584,2239,345
2018-11-29 22:15:56,2712,2319,393
2018-11-29 22:17:59,2631,2254,377
2018-11-29 22:20:01,2538,2179,359
2018-11-29 22:22:05,2546,2202,344
2018-11-29 22:24:08,2582,2229,353
2018-11-29 22:26:11,2896,2526,370
2018-11-29 22:28:14,2540,2233,307
2018-11-29 22:30:17,2602,2279,323
2018-11-29 22:32:19,2645,2295,350
2018-11-29 22:34:21,2506,2181,325
2018-11-29 22:36:24,2685,2326,359
2018-11-29 22:38:26,2688,2334,354
2018-11-29 22:40:28,2631,2285,346
2018-11-29 22:42:30,2683,2304,379
2018-11-29 22:44:32,2655,2294,361
2018-11-29 22:46:34,2537,2193,344
2018-11-29 22:48:36,2973,2579,394
2018-11-29 22:50:39,2701,2363,338
2018-11-29 22:52:41,2471,2159,312
2018-11-29 22:54:44,2569,2235,334
2018-11-29 22:56:46,2685,2358,327
2018-11-29 22:58:48,2922,2543,379
2018-11-29 23:00:51,2813,2487,326
2018-11-29 23:02:54,2690,2359,331
2018-11-29 23:04:56,2691,2348,343
2018-11-29 23:06:58,2613,2277,336
2018-11-29 23:09:01,2945,2565,380
2018-11-29 23:11:03,2596,2251,345
2018-11-29 23:13:05,2542,2195,347
2018-11-29 23:15:07,2530,2192,338
2018-11-29 23:17:09,2636,2259,377
2018-11-29 23:19:11,2678,2314,364
2018-11-29 23:21:12,2721,2342,379
2018-11-29 23:23:15,2742,2373,369
2018-11-29 23:25:17,2671,2327,344
2018-11-29 23:27:20,2605,2279,326
2018-11-29 23:29:22,2747,2382,365
2018-11-29 23:31:24,2612,2292,320
2018-11-29 23:33:26,2827,2460,367
2018-11-29 23:35:29,2739,2382,357
2018-11-29 23:37:32,2927,2526,401
2018-11-29 23:39:34,2559,2218,341
2018-11-29 23:41:37,2551,2230,321
2018-11-29 23:43:40,2743,2396,347
2018-11-29 23:45:44,2599,2268,331
2018-11-29 23:47:48,2673,2349,324
2018-11-29 23:49:51,2697,2341,356
2018-11-29 23:51:53,3089,2657,432
2018-11-29 23:53:56,2961,2566,395
2018-11-29 23:56:00,2777,2416,361
2018-11-29 23:58:02,2718,2370,348
2018-11-30 00:00:04,2716,2378,338
2018-11-30 00:02:06,2670,2339,331
2018-11-30 00:04:08,2678,2329,349
2018-11-30 00:06:10,2759,2388,371
2018-11-30 00:08:13,3331,2840,491
2018-11-30 00:10:15,3144,2665,479
2018-11-30 00:12:18,2849,2414,435
2018-11-30 00:14:19,2776,2371,405
2018-11-30 00:16:22,2807,2395,412
2018-11-30 00:18:25,2569,2208,361
2018-11-30 00:20:27,2604,2236,368
2018-11-30 00:22:29,2480,2133,347
2018-11-30 00:24:30,2699,2315,384
2018-11-30 00:26:32,2576,2222,354
2018-11-30 00:28:33,2506,2174,332
2018-11-30 00:30:35,2491,2181,310
2018-11-30 00:32:37,2665,2326,339
2018-11-30 00:34:38,2796,2433,363
2018-11-30 00:36:41,2792,2421,371
2018-11-30 00:38:43,4150,3669,481
2018-11-30 00:40:46,3017,2595,422
2018-11-30 00:42:48,3073,2658,415
2018-11-30 00:44:51,2920,2536,384
2018-11-30 00:46:52,3018,2620,398
2018-11-30 00:48:54,2960,2580,380
2018-11-30 00:50:56,2634,2318,316
2018-11-30 00:52:58,2819,2455,364
2018-11-30 00:54:59,2692,2354,338
2018-11-30 00:57:01,2696,2339,357
2018-11-30 00:59:03,2840,2456,384
2018-11-30 01:01:06,2630,2274,356
2018-11-30 01:03:09,2749,2365,384
2018-11-30 01:05:11,2751,2381,370
2018-11-30 01:07:13,2752,2395,357
2018-11-30 01:09:15,2576,2230,346
2018-11-30 01:11:19,2707,2334,373
2018-11-30 01:13:20,2587,2256,331
2018-11-30 01:15:22,2722,2365,357
2018-11-30 01:17:24,2632,2279,353
2018-11-30 01:19:27,2657,2309,348
2018-11-30 01:21:30,2748,2392,356
2018-11-30 01:23:32,2528,2192,336
2018-11-30 01:25:33,2845,2471,374
2018-11-30 01:27:37,2730,2359,371
2018-11-30 01:29:39,3002,2612,390
2018-11-30 01:31:42,2756,2405,351
2018-11-30 01:33:43,2911,2549,362
2018-11-30 01:35:46,2633,2314,319
2018-11-30 01:37:49,2690,2370,320
2018-11-30 01:39:51,2662,2371,291
2018-11-30 01:41:53,2877,2542,335
2018-11-30 01:43:56,2911,2565,346
2018-11-30 01:45:57,2829,2487,342
2018-11-30 01:47:59,2801,2462,339
2018-11-30 01:50:01,3124,2713,411
2018-11-30 01:52:03,2886,2506,380
2018-11-30 01:54:06,3342,2890,452
2018-11-30 01:56:09,3230,2735,495
2018-11-30 01:58:13,3076,2575,501
2018-11-30 02:00:17,2979,2513,466
2018-11-30 02:02:19,2977,2524,453
2018-11-30 02:04:21,2920,2489,431
2018-11-30 02:06:23,2932,2525,407
2018-11-30 02:08:26,2967,2526,441
2018-11-30 02:10:28,2955,2513,442
2018-11-30 02:12:30,3094,2623,471
2018-11-30 02:14:32,2745,2339,406
2018-11-30 02:16:34,3188,2712,476
2018-11-30 02:18:38,2743,2352,391
2018-11-30 02:20:40,2896,2490,406
2018-11-30 02:22:43,2785,2395,390
2018-11-30 02:24:45,2859,2453,406
2018-11-30 02:26:47,2899,2522,377
2018-11-30 02:28:50,2696,2331,365
2018-11-30 02:30:52,2810,2425,385
2018-11-30 02:32:54,2696,2345,351
2018-11-30 02:34:56,2726,2375,351
2018-11-30 02:36:58,2693,2345,348
2018-11-30 02:38:59,2824,2457,367
2018-11-30 02:41:02,2646,2314,332
2018-11-30 02:43:03,2689,2337,352
2018-11-30 02:45:05,2602,2261,341
2018-11-30 02:47:08,3329,2933,396
2018-11-30 02:49:10,2763,2381,382
2018-11-30 02:51:12,2849,2461,388
2018-11-30 02:53:14,3052,2622,430
2018-11-30 02:55:17,3470,2965,505
2018-11-30 02:57:19,3154,2724,430
2018-11-30 02:59:21,3274,2828,446
2018-11-30 03:01:23,3060,2645,415
2018-11-30 03:03:25,3052,2662,390
2018-11-30 03:05:27,3122,2707,415
2018-11-30 03:07:32,2995,2624,371
2018-11-30 03:09:34,3388,3014,374
2018-11-30 03:11:36,3146,2738,408
2018-11-30 03:13:38,3031,2616,415
2018-11-30 03:15:41,3048,2630,418
2018-11-30 03:17:42,3359,2931,428
2018-11-30 03:19:45,2864,2476,388
2018-11-30 03:21:47,3708,3233,475
2018-11-30 03:23:50,2968,2557,411
2018-11-30 03:25:52,4543,3368,1175
2018-11-30 03:27:55,3087,2641,446
2018-11-30 03:29:56,3017,2551,466
2018-11-30 03:31:58,3009,2512,497
2018-11-30 03:34:00,3177,2670,507
2018-11-30 03:36:02,3016,2497,519
2018-11-30 03:38:04,2893,2407,486
2018-11-30 03:40:06,2975,2468,507
2018-11-30 03:42:08,2918,2442,476
2018-11-30 03:44:10,3772,3222,550
2018-11-30 03:46:13,3166,2704,462
2018-11-30 03:48:16,3163,2714,449
2018-11-30 03:50:18,3074,2651,423
2018-11-30 03:52:20,3090,2692,398
2018-11-30 03:54:22,3059,2663,396
2018-11-30 03:56:24,2834,2463,371
2018-11-30 03:58:26,3204,2780,424
2018-11-30 04:00:29,2991,2593,398
2018-11-30 04:02:31,3063,2700,363
2018-11-30 04:04:32,3139,2756,383
2018-11-30 04:06:35,4404,3940,464
2018-11-30 04:08:37,3174,2766,408
2018-11-30 04:10:39,2951,2576,375
2018-11-30 04:12:41,3038,2645,393
2018-11-30 04:14:44,3017,2603,414
2018-11-30 04:16:46,2977,2547,430
2018-11-30 04:18:48,3200,2758,442
2018-11-30 04:20:51,2865,2439,426
2018-11-30 04:22:52,2983,2541,442
2018-11-30 04:24:54,3074,2612,462
2018-11-30 04:26:56,3005,2541,464
2018-11-30 04:28:59,2926,2487,439
2018-11-30 04:31:01,3153,2699,454
2018-11-30 04:33:03,2827,2408,419
2018-11-30 04:35:05,2793,2390,403
2018-11-30 04:37:07,2764,2379,385
2018-11-30 04:39:08,3285,2786,499
2018-11-30 04:41:12,3313,2841,472
2018-11-30 04:43:15,3282,2808,474
2018-11-30 04:45:17,3688,3144,544
2018-11-30 04:47:20,3351,2881,470
2018-11-30 04:49:22,3282,2847,435
2018-11-30 04:51:24,3008,2605,403
2018-11-30 04:53:25,2900,2496,404
2018-11-30 04:55:27,3610,3104,506
2018-11-30 04:57:30,2900,2487,413
2018-11-30 04:59:32,3696,3227,469
2018-11-30 05:01:35,2879,2485,394
2018-11-30 05:03:37,3042,2629,413
2018-11-30 05:05:39,2975,2553,422
2018-11-30 05:07:41,3417,2962,455
2018-11-30 05:09:43,3972,3496,476
2018-11-30 05:11:48,3017,2597,420
2018-11-30 05:13:50,4126,3667,459
2018-11-30 05:15:54,3158,2703,455
2018-11-30 05:17:56,3184,2718,466
2018-11-30 05:19:57,2845,2436,409
2018-11-30 05:21:59,2708,2330,378
2018-11-30 05:24:01,2745,2370,375
2018-11-30 05:26:03,3403,2986,417
2018-11-30 05:28:06,3045,2608,437
2018-11-30 05:30:08,2992,2565,427
2018-11-30 05:32:11,3555,3068,487
2018-11-30 05:34:13,2912,2511,401
2018-11-30 05:36:15,2881,2499,382
2018-11-30 05:38:16,2880,2475,405
2018-11-30 05:40:18,3151,2726,425
2018-11-30 05:42:20,2889,2491,398
2018-11-30 05:44:22,2803,2421,382
2018-11-30 05:46:24,3728,3282,446
2018-11-30 05:48:26,2815,2419,396
2018-11-30 05:50:28,3017,2573,444
2018-11-30 05:52:30,2852,2423,429
2018-11-30 05:54:31,2693,2298,395
2018-11-30 05:56:34,3066,2628,438
2018-11-30 05:58:36,3004,2571,433
2018-11-30 06:00:38,3347,2872,475
2018-11-30 06:02:40,3360,2890,470
2018-11-30 06:04:43,3194,2750,444
2018-11-30 06:06:45,3836,3350,486
2018-11-30 06:08:47,3297,2841,456
2018-11-30 06:10:49,3324,2886,438
2018-11-30 06:12:51,3548,3078,470
2018-11-30 06:14:53,3425,2944,481
2018-11-30 06:16:54,3289,2862,427
2018-11-30 06:18:57,3110,2695,415
2018-11-30 06:20:59,3009,2604,405
2018-11-30 06:23:02,2958,2563,395
2018-11-30 06:25:04,2935,2542,393
2018-11-30 06:27:10,2991,2604,387
2018-11-30 06:29:12,2854,2478,376
2018-11-30 06:31:14,3246,2849,397
2018-11-30 06:33:16,3478,2976,502
2018-11-30 06:35:18,3176,2727,449
2018-11-30 06:37:21,3100,2680,420
2018-11-30 06:39:23,3335,2861,474
2018-11-30 06:41:26,3250,2778,472
2018-11-30 06:43:27,3275,2794,481
2018-11-30 06:45:31,3007,2565,442
2018-11-30 06:47:34,3058,2601,457
2018-11-30 06:49:36,4212,3722,490
2018-11-30 06:51:39,3290,2807,483
2018-11-30 06:53:41,3102,2640,462
2018-11-30 06:55:44,3012,2566,446
2018-11-30 06:57:47,3513,3061,452
2018-11-30 06:59:51,3138,2694,444
2018-11-30 07:01:53,3832,3323,509
2018-11-30 07:03:56,3625,3121,504
2018-11-30 07:05:58,3152,2692,460
2018-11-30 07:07:59,3335,2834,501
2018-11-30 07:10:02,2869,2452,417
2018-11-30 07:12:04,3055,2609,446
2018-11-30 07:14:06,3159,2723,436
2018-11-30 07:16:08,3097,2685,412
2018-11-30 07:18:10,3248,2833,415
2018-11-30 07:20:12,2972,2587,385
2018-11-30 07:22:14,3134,2753,381
2018-11-30 07:24:16,2939,2563,376
2018-11-30 07:26:18,2944,2573,371
2018-11-30 07:28:20,3138,2746,392
2018-11-30 07:30:22,3026,2652,374
2018-11-30 07:32:24,3177,2780,397
2018-11-30 07:34:26,3129,2747,382
2018-11-30 07:36:28,3075,2665,410
2018-11-30 07:38:30,3839,3361,478
2018-11-30 07:40:32,3473,2987,486
2018-11-30 07:42:34,3607,3089,518
2018-11-30 07:44:36,3364,2870,494
2018-11-30 07:46:41,3283,2833,450
2018-11-30 07:48:43,3228,2807,421
2018-11-30 07:50:45,3857,3423,434
2018-11-30 07:52:48,3099,2710,389
2018-11-30 07:54:50,2967,2572,395
2018-11-30 07:56:51,3729,3290,439
2018-11-30 07:58:55,2995,2579,416
2018-11-30 08:00:57,3349,2912,437
2018-11-30 08:02:59,2974,2565,409
2018-11-30 08:05:01,3063,2666,397
2018-11-30 08:07:03,2860,2500,360
2018-11-30 08:09:06,3071,2661,410
2018-11-30 08:11:08,3264,2802,462
2018-11-30 08:13:10,3101,2674,427
2018-11-30 08:15:13,2793,2425,368
2018-11-30 08:17:15,3116,2706,410
2018-11-30 08:19:18,3121,2725,396
2018-11-30 08:21:20,3570,3088,482
2018-11-30 08:23:22,3216,2783,433
2018-11-30 08:25:24,3055,2655,400
2018-11-30 08:27:26,3051,2646,405
2018-11-30 08:29:28,2956,2558,398
2018-11-30 08:31:30,3389,2984,405
2018-11-30 08:33:33,2942,2548,394
2018-11-30 08:35:35,2996,2605,391
2018-11-30 08:37:37,3020,2616,404
2018-11-30 08:39:40,3440,2963,477
2018-11-30 08:41:42,3188,2746,442
2018-11-30 08:43:44,3035,2629,406
2018-11-30 08:45:49,3167,2731,436
2018-11-30 08:47:52,3405,2929,476
2018-11-30 08:49:54,3621,3135,486
2018-11-30 08:51:57,3815,3332,483
2018-11-30 08:53:59,3470,2993,477
2018-11-30 08:56:01,3578,3101,477
2018-11-30 08:58:04,3483,2956,527
2018-11-30 09:00:05,3052,2610,442
2018-11-30 09:02:07,2918,2515,403
2018-11-30 09:04:10,3018,2604,414
2018-11-30 09:06:12,3235,2759,476
2018-11-30 09:08:13,3790,3314,476
2018-11-30 09:10:16,3630,3190,440
2018-11-30 09:12:19,3010,2591,419
2018-11-30 09:14:20,3250,2821,429
2018-11-30 09:16:22,2756,2380,376
2018-11-30 09:18:26,2971,2553,418
2018-11-30 09:20:28,2657,2302,355
2018-11-30 09:22:29,2870,2477,393
2018-11-30 09:24:31,3218,2825,393
2018-11-30 09:26:32,2938,2527,411
2018-11-30 09:28:34,3614,3133,481
2018-11-30 09:30:36,3247,2798,449
2018-11-30 09:32:39,3158,2709,449
2018-11-30 09:34:41,3201,2816,385
2018-11-30 09:36:43,2815,2432,383
2018-11-30 09:38:45,2819,2432,387
2018-11-30 09:40:47,3109,2716,393
2018-11-30 09:42:49,3148,2707,441
2018-11-30 09:44:51,2955,2533,422
2018-11-30 09:46:53,2851,2481,370
2018-11-30 09:48:55,3204,2777,427
2018-11-30 09:50:57,3034,2610,424
2018-11-30 09:52:59,4475,3846,629
2018-11-30 09:55:02,3056,2637,419
2018-11-30 09:57:03,2800,2424,376
2018-11-30 09:59:05,3502,3050,452
2018-11-30 10:01:07,3224,2816,408
2018-11-30 10:03:09,3378,2901,477
2018-11-30 10:05:19,3339,2870,469
2018-11-30 10:07:20,3282,2811,471
2018-11-30 10:09:23,3197,2738,459
2018-11-30 10:11:24,3212,2744,468
2018-11-30 10:13:27,3307,2829,478
2018-11-30 10:15:29,3275,2837,438
2018-11-30 10:17:31,2953,2535,418
2018-11-30 10:19:33,2874,2485,389
2018-11-30 10:21:35,2989,2598,391
2018-11-30 10:23:36,3015,2599,416
2018-11-30 10:25:39,2647,2295,352
2018-11-30 10:27:41,3634,3192,442
2018-11-30 10:29:43,3161,2737,424
2018-11-30 10:31:45,3185,2758,427
2018-11-30 10:33:47,3041,2618,423
2018-11-30 10:35:50,3077,2645,432
2018-11-30 10:37:52,3014,2601,413
2018-11-30 10:39:54,3122,2698,424
2018-11-30 10:41:56,2961,2564,397
2018-11-30 10:43:58,2929,2542,387
2018-11-30 10:46:00,2916,2566,350
2018-11-30 10:48:02,2811,2452,359
2018-11-30 10:50:04,3024,2645,379
2018-11-30 10:52:07,2855,2492,363
2018-11-30 10:54:08,2998,2606,392
2018-11-30 10:56:10,3076,2668,408
2018-11-30 10:58:12,3187,2759,428
2018-11-30 11:00:14,4043,3518,525
2018-11-30 11:02:17,3145,2723,422
2018-11-30 11:04:18,3695,3209,486
2018-11-30 11:06:21,3435,2962,473
2018-11-30 11:08:23,3488,2998,490
2018-11-30 11:10:25,3975,3444,531
2018-11-30 11:12:29,3674,3171,503
2018-11-30 11:14:31,3314,2842,472
2018-11-30 11:16:34,3316,2834,482
2018-11-30 11:18:35,3394,2888,506
2018-11-30 11:20:38,3440,2943,497
2018-11-30 11:22:41,3425,2918,507
2018-11-30 11:24:43,3297,2830,467
2018-11-30 11:26:45,3371,2890,481
2018-11-30 11:28:47,3181,2734,447
2018-11-30 11:30:49,3221,2756,465
2018-11-30 11:32:52,3209,2758,451
2018-11-30 11:34:55,3404,2941,463
2018-11-30 11:36:57,3257,2807,450
2018-11-30 11:38:59,3281,2821,460
2018-11-30 11:41:01,3610,3119,491
2018-11-30 11:43:02,3326,2864,462
2018-11-30 11:45:04,3065,2636,429
2018-11-30 11:47:06,3288,2821,467
2018-11-30 11:49:08,3152,2716,436
2018-11-30 11:51:10,3640,3129,511
2018-11-30 11:53:13,3615,3141,474
2018-11-30 11:55:15,3317,2891,426
2018-11-30 11:57:17,3673,3224,449
2018-11-30 11:59:19,3325,2893,432
2018-11-30 12:01:21,3271,2833,438
2018-11-30 12:03:24,3630,3130,500
2018-11-30 12:05:33,4222,3640,582
2018-11-30 12:07:36,4366,3833,533
2018-11-30 12:09:38,3433,2915,518
2018-11-30 12:11:40,3376,2883,493
2018-11-30 12:13:42,3349,2868,481
2018-11-30 12:15:44,3995,3431,564
2018-11-30 12:17:46,3481,2962,519
2018-11-30 12:19:48,3531,3033,498
2018-11-30 12:21:50,3543,3033,510
2018-11-30 12:23:52,3729,3170,559
2018-11-30 12:25:55,3318,2811,507
2018-11-30 12:27:57,3957,3368,589
2018-11-30 12:30:00,3475,2952,523
2018-11-30 12:32:02,3718,3210,508
2018-11-30 12:34:04,3281,2807,474
2018-11-30 12:36:06,3780,3249,531
2018-11-30 12:38:08,3986,3427,559
2018-11-30 12:40:11,3860,3302,558
2018-11-30 12:42:13,3948,3370,578
2018-11-30 12:44:15,3640,3076,564
2018-11-30 12:46:17,3887,3278,609
2018-11-30 12:48:19,4421,3741,680
2018-11-30 12:50:22,3879,3258,621
2018-11-30 12:52:24,3854,3237,617
2018-11-30 12:54:27,4073,3439,634
2018-11-30 12:56:29,4498,3513,985
2018-11-30 12:58:31,3385,2867,518
2018-11-30 13:00:33,3513,3041,472
2018-11-30 13:02:35,3311,2827,484
2018-11-30 13:04:37,3158,2720,438
2018-11-30 13:06:40,3462,3001,461
2018-11-30 13:08:41,2843,2470,373
2018-11-30 13:10:43,3494,3007,487
2018-11-30 13:12:45,2854,2483,371
2018-11-30 13:14:47,2979,2602,377
2018-11-30 13:16:49,2999,2631,368
2018-11-30 13:18:51,3081,2691,390
2018-11-30 13:20:53,3075,2685,390
2018-11-30 13:22:56,3357,2928,429
2018-11-30 13:24:58,3323,2888,435
2018-11-30 13:27:00,3082,2659,423
2018-11-30 13:29:02,3441,3020,421
2018-11-30 13:31:04,2944,2564,380
2018-11-30 13:33:06,2893,2524,369
2018-11-30 13:35:09,2801,2446,355
2018-11-30 13:37:11,3350,2968,382
2018-11-30 13:39:13,3041,2639,402
2018-11-30 13:41:16,3367,2919,448
2018-11-30 13:43:17,3098,2667,431
2018-11-30 13:45:19,3413,2929,484
2018-11-30 13:47:21,3225,2764,461
2018-11-30 13:49:23,3298,2795,503
2018-11-30 13:51:28,3118,2650,468
2018-11-30 13:53:30,3397,2888,509
2018-11-30 13:55:31,3280,2777,503
2018-11-30 13:57:33,3640,3101,539
2018-11-30 13:59:35,3580,3055,525
2018-11-30 14:01:37,3075,2641,434
2018-11-30 14:03:40,3006,2565,441
2018-11-30 14:05:43,3009,2567,442
2018-11-30 14:07:46,2851,2468,383
2018-11-30 14:09:49,2943,2543,400
2018-11-30 14:11:51,2892,2495,397
2018-11-30 14:13:53,3227,2739,488
2018-11-30 14:15:55,3157,2667,490
2018-11-30 14:17:57,3322,2848,474
2018-11-30 14:19:59,3039,2586,453
2018-11-30 14:22:01,3236,2756,480
2018-11-30 14:24:03,4370,3866,504
2018-11-30 14:26:07,2959,2515,444
2018-11-30 14:28:09,3080,2605,475
2018-11-30 14:30:11,3244,2798,446
2018-11-30 14:32:13,2781,2384,397
2018-11-30 14:34:15,2823,2414,409
2018-11-30 14:36:17,3033,2580,453
2018-11-30 14:38:20,3021,2554,467
2018-11-30 14:40:22,2904,2475,429
2018-11-30 14:42:25,2983,2525,458
2018-11-30 14:44:27,3046,2579,467
2018-11-30 14:46:29,3978,3473,505
2018-11-30 14:48:32,2982,2518,464
2018-11-30 14:50:35,3075,2603,472
2018-11-30 14:52:36,3060,2602,458
2018-11-30 14:54:38,2883,2480,403
2018-11-30 14:56:40,3379,2883,496
2018-11-30 14:58:43,3169,2738,431
2018-11-30 15:00:44,2928,2547,381
2018-11-30 15:02:47,3441,3003,438
2018-11-30 15:04:49,3365,2936,429
2018-11-30 15:06:52,3072,2687,385
2018-11-30 15:08:54,3440,3016,424
2018-11-30 15:10:56,3200,2801,399
2018-11-30 15:12:58,3528,3058,470
2018-11-30 15:15:00,3159,2762,397
2018-11-30 15:17:02,3129,2725,404
2018-11-30 15:19:05,3052,2655,397
2018-11-30 15:21:07,3084,2698,386
2018-11-30 15:23:09,3023,2656,367
2018-11-30 15:25:11,3019,2634,385
2018-11-30 15:27:14,3101,2716,385
2018-11-30 15:29:16,3377,2943,434
2018-11-30 15:31:20,3347,2914,433
2018-11-30 15:33:21,3186,2767,419
2018-11-30 15:35:24,3105,2683,422
2018-11-30 15:37:26,3104,2672,432
2018-11-30 15:39:28,2920,2534,386
2018-11-30 15:41:31,2906,2519,387
2018-11-30 15:43:32,3039,2632,407
2018-11-30 15:45:34,3525,3093,432
2018-11-30 15:47:37,3452,2992,460
2018-11-30 15:49:40,3155,2703,452
2018-11-30 15:51:42,3337,2834,503
2018-11-30 15:53:44,3238,2742,496
2018-11-30 15:55:46,3311,2827,484
2018-11-30 15:57:49,3483,2980,503
2018-11-30 15:59:51,3150,2678,472
2018-11-30 16:01:53,3152,2677,475
2018-11-30 16:03:55,3781,3241,540
2018-11-30 16:05:59,3191,2755,436
2018-11-30 16:08:01,3137,2712,425
2018-11-30 16:10:03,3024,2613,411
2018-11-30 16:12:06,3421,2944,477
2018-11-30 16:14:07,2996,2587,409
2018-11-30 16:16:10,2958,2555,403
2018-11-30 16:18:13,2807,2426,381
2018-11-30 16:20:15,3432,2964,468
2018-11-30 16:22:18,3214,2790,424
2018-11-30 16:24:20,3421,2923,498
2018-11-30 16:26:22,3198,2710,488
2018-11-30 16:28:24,3249,2768,481
2018-11-30 16:30:27,3587,3058,529
2018-11-30 16:32:29,2901,2462,439
2018-11-30 16:34:31,3044,2601,443
2018-11-30 16:36:33,3487,2957,530
2018-11-30 16:38:35,3501,2943,558
2018-11-30 16:40:37,3711,3108,603
2018-11-30 16:42:40,3548,2992,556
2018-11-30 16:44:42,3884,3250,634
2018-11-30 16:46:45,3525,2992,533
2018-11-30 16:48:49,3498,2985,513
2018-11-30 16:50:52,3214,2770,444
2018-11-30 16:52:55,3385,2921,464
2018-11-30 16:54:58,3302,2814,488
2018-11-30 16:57:00,3041,2621,420
2018-11-30 16:59:02,3057,2633,424
2018-11-30 17:01:04,3112,2670,442
2018-11-30 17:03:06,3320,2869,451
2018-11-30 17:05:09,3118,2653,465
2018-11-30 17:07:11,3061,2611,450
2018-11-30 17:09:13,3060,2613,447
2018-11-30 17:11:15,3214,2782,432
2018-11-30 17:13:18,2895,2489,406
2018-11-30 17:15:20,3070,2677,393
2018-11-30 17:17:23,2921,2555,366
2018-11-30 17:19:25,2840,2493,347
2018-11-30 17:21:26,2971,2611,360
2018-11-30 17:23:29,2867,2485,382
2018-11-30 17:25:31,3235,2817,418
2018-11-30 17:27:34,2990,2595,395
2018-11-30 17:29:36,3509,3078,431
2018-11-30 17:31:43,3301,2904,397
2018-11-30 17:33:46,3177,2771,406
2018-11-30 17:35:49,2943,2539,404
2018-11-30 17:37:52,3093,2668,425
2018-11-30 17:39:54,2938,2546,392
2018-11-30 17:41:57,2897,2510,387
2018-11-30 17:43:58,2897,2510,387
2018-11-30 17:46:00,2970,2591,379
2018-11-30 17:48:03,3046,2643,403
2018-11-30 17:50:05,2979,2588,391
2018-11-30 17:52:07,2987,2605,382
2018-11-30 17:54:09,3431,2960,471
2018-11-30 17:56:11,3334,2896,438
2018-11-30 17:58:13,3180,2755,425
2018-11-30 18:00:15,3414,2972,442
2018-11-30 18:02:18,3022,2645,377
2018-11-30 18:04:20,3299,2911,388
2018-11-30 18:06:22,2996,2624,372
2018-11-30 18:08:25,3227,2816,411
2018-11-30 18:10:27,3985,3477,508
2018-11-30 18:12:30,3072,2665,407
2018-11-30 18:14:32,3011,2603,408
2018-11-30 18:16:34,2943,2558,385
2018-11-30 18:18:36,3119,2696,423
2018-11-30 18:20:39,2942,2562,380
2018-11-30 18:22:41,2994,2583,411
2018-11-30 18:24:43,2911,2520,391
2018-11-30 18:26:45,4042,3631,411
2018-11-30 18:28:49,2980,2559,421
2018-11-30 18:30:51,2901,2504,397
2018-11-30 18:32:52,3550,3060,490
2018-11-30 18:34:55,2935,2547,388
2018-11-30 18:36:57,2851,2469,382
2018-11-30 18:39:00,2983,2584,399
2018-11-30 18:41:01,2812,2459,353
2018-11-30 18:43:04,3334,2915,419
2018-11-30 18:45:08,2987,2582,405
2018-11-30 18:47:10,2932,2561,371
2018-11-30 18:49:12,2958,2585,373
2018-11-30 18:51:15,2897,2534,363
2018-11-30 18:53:17,2851,2498,353
2018-11-30 18:55:19,2715,2392,323
2018-11-30 18:57:21,3095,2706,389
2018-11-30 18:59:23,3264,2869,395
2018-11-30 19:01:26,2990,2591,399
2018-11-30 19:03:28,3821,3319,502
2018-11-30 19:05:31,3138,2714,424
2018-11-30 19:07:33,3206,2757,449
2018-11-30 19:09:37,3656,3141,515
2018-11-30 19:11:39,2850,2465,385
2018-11-30 19:13:42,2958,2554,404
2018-11-30 19:15:45,3090,2654,436
2018-11-30 19:17:47,3210,2748,462
2018-11-30 19:19:49,3039,2624,415
2018-11-30 19:21:51,3416,2975,441
2018-11-30 19:23:53,3348,2883,465
2018-11-30 19:25:55,3232,2814,418
2018-11-30 19:27:59,3079,2653,426
2018-11-30 19:30:03,4315,3748,567
2018-11-30 19:32:07,2924,2529,395
2018-11-30 19:34:09,2922,2540,382
2018-11-30 19:36:12,3139,2716,423
2018-11-30 19:38:15,3055,2637,418
2018-11-30 19:40:17,3349,2860,489
2018-11-30 19:42:20,3088,2665,423
2018-11-30 19:44:22,3117,2636,481
2018-11-30 19:46:24,3148,2681,467
2018-11-30 19:48:27,3322,2790,532
2018-11-30 19:50:29,3864,3233,631
2018-11-30 19:52:32,3585,3035,550
2018-11-30 19:54:34,3460,2961,499
2018-11-30 19:56:36,3594,3071,523
2018-11-30 19:58:38,3267,2799,468
2018-11-30 20:00:40,3431,2967,464
2018-11-30 20:04:48,3418,2976,442
2018-11-30 20:06:51,2964,2548,416
2018-11-30 20:08:53,3362,2922,440
2018-11-30 20:10:57,2931,2506,425
2018-11-30 20:13:00,3288,2842,446
2018-11-30 20:15:03,3003,2609,394
2018-11-30 20:17:05,3246,2849,397
2018-11-30 20:19:10,3338,2869,469
2018-11-30 20:21:12,2999,2591,408
2018-11-30 20:23:15,3065,2643,422
2018-11-30 20:25:17,4042,3486,556
2018-11-30 20:27:19,2921,2548,373
2018-11-30 20:29:21,2875,2500,375
2018-11-30 20:31:23,2813,2456,357
2018-11-30 20:33:25,2999,2615,384
2018-11-30 20:35:27,3003,2608,395
2018-11-30 20:37:30,2699,2364,335
2018-11-30 20:39:31,3206,2776,430
2018-11-30 20:41:36,3983,3476,507
2018-11-30 20:43:38,3419,2899,520
2018-11-30 20:45:41,4141,3581,560
2018-11-30 20:47:45,3803,3270,533
2018-11-30 20:49:48,3209,2767,442
2018-11-30 20:51:50,2810,2402,408
2018-11-30 20:53:52,2621,2254,367
2018-11-30 20:55:53,2656,2289,367
2018-11-30 20:57:55,2804,2404,400
2018-11-30 20:59:58,2871,2480,391
2018-11-30 21:02:00,3012,2571,441
2018-11-30 21:04:02,3017,2557,460
2018-11-30 21:06:04,2999,2552,447
2018-11-30 21:08:06,3064,2622,442
2018-11-30 21:10:09,3041,2619,422
2018-11-30 21:12:12,2792,2409,383
2018-11-30 21:14:15,2712,2343,369
2018-11-30 21:16:18,2767,2395,372
2018-11-30 21:18:20,2562,2243,319
2018-11-30 21:20:22,3049,2694,355
2018-11-30 21:22:25,2853,2478,375
2018-11-30 21:24:28,3103,2727,376
2018-11-30 21:26:30,2539,2206,333
2018-11-30 21:28:32,2646,2295,351
2018-11-30 21:30:34,4468,4073,395
2018-11-30 21:32:37,2897,2537,360
2018-11-30 21:34:40,2677,2337,340
2018-11-30 21:36:42,3213,2793,420
2018-11-30 21:38:45,3108,2712,396
2018-11-30 21:40:48,3295,2845,450
2018-11-30 21:42:50,3291,2856,435
2018-11-30 21:44:53,3230,2762,468
2018-11-30 21:46:56,3156,2743,413
2018-11-30 21:48:58,3135,2702,433
2018-11-30 21:51:01,3281,2816,465
2018-11-30 21:53:03,2941,2554,387
2018-11-30 21:55:05,2884,2500,384
2018-11-30 21:57:07,2801,2439,362
2018-11-30 21:59:09,2868,2482,386
2018-11-30 22:01:11,2915,2568,347
2018-11-30 22:03:14,2583,2269,314
2018-11-30 22:05:33,2768,2419,349
2018-11-30 22:07:36,2980,2597,383
2018-11-30 22:09:38,2742,2393,349
2018-11-30 22:11:40,3155,2773,382
2018-11-30 22:13:44,2767,2422,345
2018-11-30 22:15:47,2651,2308,343
2018-11-30 22:17:49,2931,2551,380
2018-11-30 22:19:51,3236,2827,409
2018-11-30 22:21:55,2697,2319,378
2018-11-30 22:23:57,3077,2618,459
2018-11-30 22:26:00,2725,2358,367
2018-11-30 22:28:02,2640,2292,348
2018-11-30 22:30:05,2601,2246,355
2018-11-30 22:32:07,2701,2359,342
2018-11-30 22:34:09,3645,3243,402
2018-11-30 22:36:12,2655,2315,340
2018-11-30 22:38:15,2923,2573,350
2018-11-30 22:40:17,2706,2368,338
2018-11-30 22:42:19,2858,2506,352
2018-11-30 22:44:21,2839,2483,356
2018-11-30 22:46:23,3315,2911,404
2018-11-30 22:48:27,2955,2564,391
2018-11-30 22:50:30,2802,2443,359
2018-11-30 22:52:31,2777,2440,337
2018-11-30 22:54:34,2712,2380,332
2018-11-30 22:56:36,2735,2391,344
2018-11-30 22:58:38,2592,2262,330
2018-11-30 23:00:40,2585,2275,310
2018-11-30 23:02:42,2919,2590,329
2018-11-30 23:04:44,2909,2562,347
2018-11-30 23:06:46,2828,2466,362
2018-11-30 23:08:49,2827,2458,369
2018-11-30 23:10:51,2940,2558,382
2018-11-30 23:12:53,3031,2646,385
2018-11-30 23:14:55,3265,2884,381
2018-11-30 23:16:57,2920,2568,352
2018-11-30 23:19:00,3646,3222,424
2018-11-30 23:21:02,2825,2471,354
2018-11-30 23:23:05,2992,2635,357
2018-11-30 23:25:07,2894,2541,353
2018-11-30 23:27:09,3048,2681,367
2018-11-30 23:29:11,2792,2460,332
2018-11-30 23:31:13,3332,2943,389
2018-11-30 23:33:15,2846,2499,347
2018-11-30 23:35:18,2832,2469,363
2018-11-30 23:37:20,3461,3067,394
2018-11-30 23:39:25,2955,2571,384
2018-11-30 23:41:29,2896,2497,399
2018-11-30 23:43:32,3042,2632,410
2018-11-30 23:45:35,3426,2844,582
2018-11-30 23:47:37,2799,2384,415
2018-11-30 23:49:40,2752,2337,415
2018-11-30 23:51:41,2516,2166,350
2018-11-30 23:53:44,3305,2836,469
2018-11-30 23:55:46,2729,2336,393
2018-11-30 23:57:49,2781,2367,414
2018-11-30 23:59:51,2794,2371,423
2018-12-01 00:01:54,2841,2409,432
2018-12-01 00:03:57,2738,2317,421
2018-12-01 00:06:00,2737,2322,415
2018-12-01 00:08:03,2557,2186,371
2018-12-01 00:10:06,2427,2084,343
2018-12-01 00:12:09,2569,2210,359
2018-12-01 00:14:11,2531,2181,350
2018-12-01 00:16:14,2813,2432,381
2018-12-01 00:18:17,2655,2317,338
2018-12-01 00:20:20,2691,2361,330
2018-12-01 00:22:22,2819,2464,355
2018-12-01 00:24:24,2767,2422,345
2018-12-01 00:26:27,2619,2299,320
2018-12-01 00:28:30,3359,2999,360
2018-12-01 00:30:32,2696,2345,351
2018-12-01 00:32:35,2835,2456,379
2018-12-01 00:34:38,2770,2395,375
2018-12-01 00:36:40,3474,2996,478
2018-12-01 00:38:44,3974,3459,515
2018-12-01 00:40:48,4014,3540,474
2018-12-01 00:42:54,3259,2797,462
2018-12-01 00:44:57,3085,2660,425
2018-12-01 00:47:00,3980,3400,580
2018-12-01 00:49:03,3398,2936,462
2018-12-01 00:51:05,3185,2753,432
2018-12-01 00:53:08,3261,2815,446
2018-12-01 00:55:11,3466,2983,483
2018-12-01 00:57:13,2825,2430,395
2018-12-01 00:59:15,2908,2502,406
2018-12-01 01:01:18,3008,2569,439
2018-12-01 01:03:21,2892,2469,423
2018-12-01 01:05:24,2824,2428,396
2018-12-01 01:07:26,2734,2378,356
2018-12-01 01:09:30,2868,2475,393
2018-12-01 01:11:32,3003,2605,398
2018-12-01 01:13:34,2943,2570,373
2018-12-01 01:15:37,2800,2422,378
2018-12-01 01:17:40,2879,2474,405
2018-12-01 01:19:43,2719,2349,370
2018-12-01 01:21:45,2588,2239,349
2018-12-01 01:23:48,2453,2141,312
2018-12-01 01:25:50,2536,2212,324
2018-12-01 01:27:53,2811,2437,374
2018-12-01 01:29:56,2893,2499,394
2018-12-01 01:31:58,3155,2770,385
2018-12-01 01:34:02,2878,2517,361
2018-12-01 01:36:05,2808,2455,353
2018-12-01 01:38:08,3566,2943,623
2018-12-01 01:40:11,2702,2353,349
2018-12-01 01:42:14,2488,2155,333
2018-12-01 01:44:16,2477,2138,339
2018-12-01 01:46:19,2970,2549,421
2018-12-01 01:48:22,2609,2248,361
2018-12-01 01:50:26,2814,2409,405
2018-12-01 01:52:28,2771,2387,384
2018-12-01 01:54:30,2670,2316,354
2018-12-01 01:56:33,2777,2402,375
2018-12-01 01:58:35,2747,2378,369
2018-12-01 02:00:38,3093,2713,380
2018-12-01 02:02:40,2723,2358,365
2018-12-01 02:04:43,2674,2321,353
2018-12-01 02:06:45,2789,2392,397
2018-12-01 02:08:52,3039,2590,449
2018-12-01 02:10:54,3007,2564,443
2018-12-01 02:12:57,3125,2719,406
2018-12-01 02:14:59,2707,2329,378
2018-12-01 02:17:01,2829,2445,384
2018-12-01 02:19:04,2758,2375,383
2018-12-01 02:21:07,2779,2396,383
2018-12-01 02:23:09,2788,2421,367
2018-12-01 02:25:12,2806,2447,359
2018-12-01 02:27:15,2972,2577,395
2018-12-01 02:29:16,3077,2667,410
2018-12-01 02:31:19,2857,2483,374
2018-12-01 02:33:21,2741,2389,352
2018-12-01 02:35:24,2721,2368,353
2018-12-01 02:37:26,3357,2913,444
2018-12-01 02:39:29,2925,2527,398
2018-12-01 02:41:32,2706,2333,373
2018-12-01 02:43:34,2804,2422,382
2018-12-01 02:45:36,2776,2414,362
2018-12-01 02:47:39,2865,2478,387
2018-12-01 02:49:42,2947,2581,366
2018-12-01 02:51:44,2914,2538,376
2018-12-01 02:53:46,2798,2446,352
2018-12-01 02:55:48,2777,2423,354
2018-12-01 02:57:51,2789,2441,348
2018-12-01 02:59:53,3026,2591,435
2018-12-01 03:01:55,2971,2562,409
2018-12-01 03:03:58,2669,2309,360
2018-12-01 03:06:01,3079,2682,397
2018-12-01 03:08:04,2938,2571,367
2018-12-01 03:10:07,2640,2303,337
2018-12-01 03:12:10,3049,2639,410
2018-12-01 03:14:13,2803,2422,381
2018-12-01 03:16:16,3245,2833,412
2018-12-01 03:18:19,2809,2437,372
2018-12-01 03:20:21,3088,2665,423
2018-12-01 03:22:25,2876,2521,355
2018-12-01 03:24:28,2851,2469,382
2018-12-01 03:26:31,3484,3071,413
2018-12-01 03:28:34,2995,2585,410
2018-12-01 03:30:37,3491,3065,426
2018-12-01 03:32:41,3155,2743,412
2018-12-01 03:34:44,2987,2602,385
2018-12-01 03:36:46,2925,2568,357
2018-12-01 03:38:49,3060,2700,360
2018-12-01 03:40:52,3444,3057,387
2018-12-01 03:42:55,3388,2945,443
2018-12-01 03:44:58,2776,2436,340
2018-12-01 03:47:01,3028,2616,412
2018-12-01 03:49:03,2747,2398,349
2018-12-01 03:51:06,2705,2353,352
2018-12-01 03:53:08,2846,2429,417
2018-12-01 03:55:10,3122,2685,437
2018-12-01 03:57:13,2913,2500,413
2018-12-01 03:59:15,3031,2595,436
2018-12-01 04:01:18,2793,2390,403
2018-12-01 04:03:20,2821,2421,400
2018-12-01 04:05:33,2918,2498,420
2018-12-01 04:07:35,2764,2367,397
2018-12-01 04:09:38,2831,2431,400
2018-12-01 04:11:39,3031,2606,425
2018-12-01 04:13:42,3056,2652,404
2018-12-01 04:15:45,2929,2549,380
2018-12-01 04:17:48,2953,2550,403
2018-12-01 04:19:51,2900,2524,376
2018-12-01 04:21:53,2929,2562,367
2018-12-01 04:23:56,3115,2720,395
2018-12-01 04:25:58,2721,2359,362
2018-12-01 04:28:01,2892,2509,383
2018-12-01 04:30:04,3014,2595,419
2018-12-01 04:32:07,2773,2398,375
2018-12-01 04:34:10,2683,2325,358
2018-12-01 04:36:12,2809,2446,363
2018-12-01 04:38:16,3742,3369,373
2018-12-01 04:40:19,3130,2699,431
2018-12-01 04:42:23,3079,2665,414
2018-12-01 04:44:26,3556,3091,465
2018-12-01 04:46:28,3229,2782,447
2018-12-01 04:48:31,3526,3074,452
2018-12-01 04:50:34,2936,2549,387
2018-12-01 04:52:37,2811,2439,372
2018-12-01 04:54:40,2882,2502,380
2018-12-01 04:56:42,2897,2526,371
2018-12-01 04:58:44,2950,2550,400
2018-12-01 05:00:48,3096,2700,396
2018-12-01 05:02:50,2959,2570,389
2018-12-01 05:04:53,2979,2583,396
2018-12-01 05:06:55,2877,2494,383
2018-12-01 05:08:57,2868,2499,369
2018-12-01 05:11:00,2944,2570,374
2018-12-01 05:13:03,2711,2357,354
2018-12-01 05:15:05,2931,2540,391
2018-12-01 05:17:08,2675,2311,364
2018-12-01 05:19:10,2402,2089,313
2018-12-01 05:21:13,2605,2253,352
2018-12-01 05:23:16,2650,2305,345
2018-12-01 05:25:19,2604,2249,355
2018-12-01 05:27:21,2547,2193,354
2018-12-01 05:29:23,2612,2233,379
2018-12-01 05:31:25,3175,2738,437
2018-12-01 05:33:29,2761,2333,428
2018-12-01 05:35:32,2849,2425,424
2018-12-01 05:37:34,2584,2205,379
2018-12-01 05:39:37,2922,2512,410
2018-12-01 05:41:39,2653,2239,414
2018-12-01 05:43:41,2768,2336,432
2018-12-01 05:45:44,2741,2329,412
2018-12-01 05:47:47,2661,2260,401
2018-12-01 05:49:49,2601,2213,388
2018-12-01 05:51:51,2559,2187,372
2018-12-01 05:53:54,2540,2188,352
2018-12-01 05:55:56,2574,2208,366
2018-12-01 05:57:59,3200,2764,436
2018-12-01 06:00:02,2403,2093,310
2018-12-01 06:02:04,2477,2158,319
2018-12-01 06:04:07,2562,2240,322
2018-12-01 06:06:10,2531,2197,334
2018-12-01 06:08:12,2740,2361,379
2018-12-01 06:10:15,2598,2248,350
2018-12-01 06:12:18,2671,2301,370
2018-12-01 06:14:21,2559,2217,342
2018-12-01 06:16:24,3431,2990,441
2018-12-01 06:18:28,2653,2285,368
2018-12-01 06:20:30,3367,2956,411
2018-12-01 06:22:34,2765,2394,371
2018-12-01 06:24:37,2972,2569,403
2018-12-01 06:26:40,3586,3129,457
2018-12-01 06:28:44,3013,2586,427
2018-12-01 06:30:47,2847,2455,392
2018-12-01 06:32:49,3206,2785,421
2018-12-01 06:34:53,2889,2473,416
2018-12-01 06:36:56,3302,2882,420
2018-12-01 06:38:59,2724,2317,407
2018-12-01 06:41:02,2886,2462,424
2018-12-01 06:43:05,2862,2457,405
2018-12-01 06:45:08,2870,2472,398
2018-12-01 06:47:11,3476,2987,489
2018-12-01 06:49:13,3292,2860,432
2018-12-01 06:51:16,2962,2568,394
2018-12-01 06:53:18,3071,2649,422
2018-12-01 06:55:21,3773,3258,515
2018-12-01 06:57:24,3389,2936,453
2018-12-01 06:59:27,3146,2714,432
2018-12-01 07:01:29,2845,2455,390
2018-12-01 07:03:32,3091,2668,423
2018-12-01 07:05:34,2801,2417,384
2018-12-01 07:07:37,2777,2418,359
2018-12-01 07:09:38,2825,2443,382
2018-12-01 07:11:41,2796,2433,363
2018-12-01 07:13:43,2950,2584,366
2018-12-01 07:15:46,3026,2701,325
2018-12-01 07:17:49,2759,2430,329
2018-12-01 07:19:52,2839,2503,336
2018-12-01 07:21:55,2820,2489,331
2018-12-01 07:23:57,3139,2794,345
2018-12-01 07:26:00,2940,2588,352
2018-12-01 07:28:03,2976,2619,357
2018-12-01 07:30:05,3032,2661,371
2018-12-01 07:32:09,3081,2721,360
2018-12-01 07:34:13,3365,3018,347
2018-12-01 07:36:15,2954,2569,385
2018-12-01 07:38:18,2842,2492,350
2018-12-01 07:40:20,3009,2641,368
2018-12-01 07:42:25,2773,2419,354
2018-12-01 07:44:28,2592,2269,323
2018-12-01 07:46:31,2849,2481,368
2018-12-01 07:48:35,3359,2980,379
2018-12-01 07:50:40,2858,2488,370
2018-12-01 07:52:43,2799,2442,357
2018-12-01 07:54:46,2949,2554,395
2018-12-01 07:56:48,3082,2715,367
2018-12-01 07:58:50,2730,2376,354
2018-12-01 08:00:53,2817,2447,370
2018-12-01 08:02:56,2818,2457,361
2018-12-01 08:04:58,2778,2443,335
2018-12-01 08:07:01,2713,2389,324
2018-12-01 08:09:03,2871,2524,347
2018-12-01 08:11:05,3024,2650,374
2018-12-01 08:13:09,2635,2317,318
2018-12-01 08:15:11,3465,3059,406
2018-12-01 08:17:14,2893,2512,381
2018-12-01 08:19:18,3065,2672,393
2018-12-01 08:21:21,3138,2697,441
2018-12-01 08:23:24,3698,3288,410
2018-12-01 08:25:29,3196,2795,401
2018-12-01 08:27:33,2979,2604,375
2018-12-01 08:29:36,3636,3214,422
2018-12-01 08:31:40,2783,2452,331
2018-12-01 08:33:44,2821,2483,338
2018-12-01 08:35:46,2846,2504,342
2018-12-01 08:37:49,3134,2741,393
2018-12-01 08:39:52,3574,3148,426
2018-12-01 08:41:55,3147,2761,386
2018-12-01 08:43:57,3164,2777,387
2018-12-01 08:46:00,3257,2858,399
2018-12-01 08:48:03,3255,2851,404
2018-12-01 08:50:06,2774,2442,332
2018-12-01 08:52:08,3241,2863,378
2018-12-01 08:54:12,2933,2576,357
2018-12-01 08:56:14,3204,2819,385
2018-12-01 08:58:17,2965,2605,360
2018-12-01 09:00:19,3170,2780,390
2018-12-01 09:02:21,2994,2643,351
2018-12-01 09:04:23,2651,2352,299
2018-12-01 09:06:26,2746,2417,329
2018-12-01 09:08:28,3026,2675,351
2018-12-01 09:10:31,2784,2438,346
2018-12-01 09:12:34,3019,2620,399
2018-12-01 09:14:37,2975,2587,388
2018-12-01 09:16:40,3070,2684,386
2018-12-01 09:18:43,3161,2755,406
2018-12-01 09:20:45,2955,2597,358
2018-12-01 09:22:48,3241,2837,404
2018-12-01 09:24:51,3607,3214,393
2018-12-01 09:26:54,2977,2626,351
2018-12-01 09:28:57,3305,2913,392
2018-12-01 09:30:59,2801,2460,341
2018-12-01 09:33:03,2658,2344,314
2018-12-01 09:35:06,2806,2496,310
2018-12-01 09:37:09,2676,2347,329
2018-12-01 09:39:11,2736,2410,326
2018-12-01 09:41:14,2761,2420,341
2018-12-01 09:43:16,2707,2387,320
2018-12-01 09:45:19,2874,2532,342
2018-12-01 09:47:22,2885,2536,349
2018-12-01 09:49:25,2754,2440,314
2018-12-01 09:51:28,2872,2536,336
2018-12-01 09:53:30,2816,2485,331
2018-12-01 09:55:32,3092,2716,376
2018-12-01 09:57:35,3197,2827,370
2018-12-01 09:59:39,3366,2987,379
2018-12-01 10:01:42,2798,2452,346
2018-12-01 10:03:45,3014,2649,365
2018-12-01 10:05:49,2927,2529,398
2018-12-01 10:07:52,3050,2638,412
2018-12-01 10:09:54,3113,2718,395
2018-12-01 10:11:57,2788,2429,359
2018-12-01 10:13:59,2837,2466,371
2018-12-01 10:16:01,2895,2532,363
2018-12-01 10:18:05,2887,2527,360
2018-12-01 10:20:07,3421,3022,399
2018-12-01 10:22:12,3265,2845,420
2018-12-01 10:24:15,2959,2589,370
2018-12-01 10:26:17,2942,2587,355
2018-12-01 10:28:20,3668,3295,373
2018-12-01 10:30:23,3106,2778,328
2018-12-01 10:32:27,2844,2522,322
2018-12-01 10:34:29,2834,2516,318
2018-12-01 10:36:32,2886,2570,316
2018-12-01 10:38:35,3324,2969,355
2018-12-01 10:40:37,3155,2782,373
2018-12-01 10:42:41,2883,2534,349
2018-12-01 10:44:44,2893,2561,332
2018-12-01 10:46:47,3029,2662,367
2018-12-01 10:48:49,2897,2538,359
2018-12-01 10:50:52,2689,2370,319
2018-12-01 10:52:56,2699,2375,324
2018-12-01 10:54:59,2589,2280,309
2018-12-01 10:57:01,2553,2271,282
2018-12-01 10:59:03,3697,3394,303
2018-12-01 11:01:06,3690,3384,306
2018-12-01 11:03:08,5021,4659,362
2018-12-01 11:05:11,4175,3804,371
2018-12-01 11:07:14,3905,3562,343
2018-12-01 11:09:17,2989,2606,383
2018-12-01 11:11:20,3059,2670,389
2018-12-01 11:13:22,2865,2506,359
2018-12-01 11:15:24,2738,2420,318
2018-12-01 11:17:27,2798,2452,346
2018-12-01 11:19:29,2754,2428,326
2018-12-01 11:21:32,2860,2519,341
2018-12-01 11:23:35,3200,2802,398
2018-12-01 11:25:37,3006,2643,363
2018-12-01 11:27:40,3582,3189,393
2018-12-01 11:29:43,3191,2801,390
2018-12-01 11:31:45,3924,3502,422
2018-12-01 11:33:49,3252,2887,365
2018-12-01 11:35:52,2919,2575,344
2018-12-01 11:37:55,2906,2547,359
2018-12-01 11:39:57,2878,2520,358
2018-12-01 11:42:00,2923,2559,364
2018-12-01 11:44:03,3395,3018,377
2018-12-01 11:46:07,2841,2517,324
2018-12-01 11:48:10,3594,3222,372
2018-12-01 11:50:13,2835,2518,317
2018-12-01 11:52:15,3073,2768,305
2018-12-01 11:54:18,3110,2753,357
2018-12-01 11:56:21,3190,2809,381
2018-12-01 11:58:24,3123,2756,367
2018-12-01 12:00:26,3127,2753,374
2018-12-01 12:02:29,3061,2695,366
2018-12-01 12:04:32,3066,2690,376
2018-12-01 12:06:34,2787,2461,326
2018-12-01 12:08:37,2926,2570,356
2018-12-01 12:10:39,2748,2447,301
2018-12-01 12:12:42,2855,2550,305
2018-12-01 12:14:44,3156,2835,321
2018-12-01 12:16:49,2880,2569,311
2018-12-01 12:18:51,3030,2678,352
2018-12-01 12:20:53,2910,2576,334
2018-12-01 12:22:56,2983,2638,345
2018-12-01 12:24:58,2878,2549,329
2018-12-01 12:27:02,3502,3124,378
2018-12-01 12:29:05,2687,2371,316
2018-12-01 12:31:08,4152,3656,496
2018-12-01 12:33:14,3476,3043,433
2018-12-01 12:35:18,3241,2798,443
2018-12-01 12:37:20,3224,2775,449
2018-12-01 12:39:23,4094,3503,591
2018-12-01 12:41:27,3292,2830,462
2018-12-01 12:43:29,3264,2790,474
2018-12-01 12:45:32,3255,2798,457
2018-12-01 12:47:34,3181,2747,434
2018-12-01 12:49:36,2895,2510,385
2018-12-01 12:51:38,2914,2518,396
2018-12-01 12:53:41,2777,2413,364
2018-12-01 12:55:43,2593,2273,320
2018-12-01 12:57:46,2717,2370,347
2018-12-01 12:59:48,2647,2320,327
2018-12-01 13:01:50,2804,2449,355
2018-12-01 13:03:52,3021,2611,410
2018-12-01 13:05:55,2897,2511,386
2018-12-01 13:07:58,2723,2363,360
2018-12-01 13:10:01,2825,2446,379
2018-12-01 13:12:04,2575,2250,325
2018-12-01 13:14:06,3027,2624,403
2018-12-01 13:16:09,3096,2683,413
2018-12-01 13:18:13,2864,2493,371
2018-12-01 13:20:16,3138,2698,440
2018-12-01 13:22:19,2889,2503,386
2018-12-01 13:24:22,2876,2507,369
2018-12-01 13:26:25,2636,2279,357
2018-12-01 13:28:27,3075,2718,357
2018-12-01 13:30:29,2651,2311,340
2018-12-01 13:32:32,2807,2446,361
2018-12-01 13:34:34,2726,2393,333
2018-12-01 13:36:36,2818,2479,339
2018-12-01 13:38:39,2851,2528,323
2018-12-01 13:40:42,2814,2486,328
2018-12-01 13:42:45,2691,2399,292
2018-12-01 13:44:47,3039,2693,346
2018-12-01 13:46:50,2892,2544,348
2018-12-01 13:48:52,2917,2558,359
2018-12-01 13:50:54,2973,2600,373
2018-12-01 13:52:56,3354,2901,453
2018-12-01 13:54:59,3293,2884,409
2018-12-01 13:57:02,2990,2629,361
2018-12-01 13:59:05,3084,2676,408
2018-12-01 14:01:08,2955,2579,376
2018-12-01 14:03:10,2967,2584,383
2018-12-01 14:05:37,2828,2483,345
2018-12-01 14:07:39,2826,2478,348
2018-12-01 14:09:41,2796,2480,316
2018-12-01 14:11:44,2795,2484,311
2018-12-01 14:13:46,3271,2906,365
2018-12-01 14:15:49,2804,2492,312
2018-12-01 14:17:52,2779,2477,302
2018-12-01 14:19:55,3142,2769,373
2018-12-01 14:21:57,2892,2563,329
2018-12-01 14:23:59,3438,3009,429
2018-12-01 14:26:02,2807,2466,341
2018-12-01 14:28:05,2918,2561,357
2018-12-01 14:30:07,2767,2440,327
2018-12-01 14:32:10,2803,2474,329
2018-12-01 14:34:14,2815,2477,338
2018-12-01 14:36:16,2627,2327,300
2018-12-01 14:38:18,2473,2207,266
2018-12-01 14:40:19,2595,2309,286
2018-12-01 14:42:22,3290,2931,359
2018-12-01 14:44:24,2738,2411,327
2018-12-01 14:46:27,2882,2521,361
2018-12-01 14:48:30,2951,2577,374
2018-12-01 14:50:33,3001,2608,393
2018-12-01 14:52:35,2970,2601,369
2018-12-01 14:54:38,2847,2478,369
2018-12-01 14:56:40,3081,2690,391
2018-12-01 14:58:41,2917,2571,346
2018-12-01 15:00:43,3071,2690,381
2018-12-01 15:02:46,3058,2670,388
2018-12-01 15:04:50,3205,2798,407
2018-12-01 15:06:54,2954,2589,365
2018-12-01 15:08:56,2878,2512,366
2018-12-01 15:10:59,3290,2891,399
2018-12-01 15:13:02,2936,2574,362
2018-12-01 15:15:04,2879,2545,334
2018-12-01 15:17:07,2766,2454,312
2018-12-01 15:19:14,2735,2435,300
2018-12-01 15:21:17,2631,2343,288
2018-12-01 15:23:19,2597,2311,286
2018-12-01 15:25:21,2829,2508,321
2018-12-01 15:27:24,2852,2524,328
2018-12-01 15:29:25,3018,2646,372
2018-12-01 15:31:28,3038,2664,374
2018-12-01 15:33:30,3079,2685,394
2018-12-01 15:35:32,3022,2646,376
2018-12-01 15:37:34,3132,2733,399
2018-12-01 15:39:37,2884,2548,336
2018-12-01 15:41:39,3124,2728,396
2018-12-01 15:43:42,3170,2790,380
2018-12-01 15:45:44,2978,2601,377
2018-12-01 15:47:46,3166,2752,414
2018-12-01 15:49:49,3124,2727,397
2018-12-01 15:51:51,2993,2595,398
2018-12-01 15:53:55,3032,2629,403
2018-12-01 15:55:58,3196,2796,400
2018-12-01 15:58:02,4616,3621,995
2018-12-01 16:00:05,3058,2684,374
2018-12-01 16:02:08,3054,2678,376
2018-12-01 16:04:10,2904,2550,354
2018-12-01 16:06:13,2898,2551,347
2018-12-01 16:08:16,2959,2601,358
2018-12-01 16:10:19,3006,2634,372
2018-12-01 16:12:22,2812,2467,345
2018-12-01 16:14:24,3385,2979,406
2018-12-01 16:16:28,3124,2715,409
2018-12-01 16:18:30,2866,2483,383
2018-12-01 16:20:33,2994,2600,394
2018-12-01 16:22:35,3033,2625,408
2018-12-01 16:24:38,2846,2470,376
2018-12-01 16:26:40,2754,2399,355
2018-12-01 16:28:43,2738,2412,326
2018-12-01 16:30:46,2731,2391,340
2018-12-01 16:32:49,2941,2576,365
2018-12-01 16:34:52,2892,2528,364
2018-12-01 16:36:55,2791,2463,328
2018-12-01 16:38:57,3403,3009,394
2018-12-01 16:41:00,3450,3010,440
2018-12-01 16:43:02,3237,2826,411
2018-12-01 16:45:05,3222,2818,404
2018-12-01 16:47:08,3770,3302,468
2018-12-01 16:49:12,3193,2777,416
2018-12-01 16:51:15,3251,2837,414
2018-12-01 16:53:20,2975,2596,379
2018-12-01 16:55:22,2972,2594,378
2018-12-01 16:57:24,2890,2535,355
2018-12-01 16:59:28,2924,2542,382
2018-12-01 17:01:31,2853,2492,361
2018-12-01 17:03:34,3227,2855,372
2018-12-01 17:05:38,3017,2637,380
2018-12-01 17:07:41,3359,2915,444
2018-12-01 17:09:43,2876,2478,398
2018-12-01 17:11:46,2957,2540,417
2018-12-01 17:13:48,2868,2461,407
2018-12-01 17:15:50,2776,2381,395
2018-12-01 17:17:54,2979,2573,406
2018-12-01 17:19:57,2957,2551,406
2018-12-01 17:21:59,3001,2595,406
2018-12-01 17:24:02,2800,2455,345
2018-12-01 17:26:05,2986,2613,373
2018-12-01 17:28:07,2888,2561,327
2018-12-01 17:30:10,2793,2471,322
2018-12-01 17:32:13,3066,2679,387
2018-12-01 17:34:16,2817,2459,358
2018-12-01 17:36:18,2965,2594,371
2018-12-01 17:38:22,3016,2616,400
2018-12-01 17:40:24,2814,2472,342
2018-12-01 17:42:26,2937,2589,348
2018-12-01 17:44:28,3043,2667,376
2018-12-01 17:46:32,2993,2629,364
2018-12-01 17:48:34,3094,2730,364
2018-12-01 17:50:37,3108,2739,369
2018-12-01 17:52:40,2938,2592,346
2018-12-01 17:54:42,2752,2441,311
2018-12-01 17:56:45,2649,2365,284
2018-12-01 17:58:56,2595,2320,275
2018-12-01 18:01:09,2674,2394,280
2018-12-01 18:03:12,2646,2377,269
2018-12-01 18:05:34,2766,2472,294
2018-12-01 18:07:36,2749,2433,316
2018-12-01 18:09:38,2947,2603,344
2018-12-01 18:11:40,2848,2498,350
2018-12-01 18:13:42,2995,2608,387
2018-12-01 18:15:45,2921,2559,362
2018-12-01 18:17:47,2933,2568,365
2018-12-01 18:19:49,2971,2607,364
2018-12-01 18:21:52,2944,2593,351
2018-12-01 18:23:54,2768,2446,322
2018-12-01 18:25:57,2844,2501,343
2018-12-01 18:27:59,2854,2510,344
2018-12-01 18:30:03,2793,2445,348
2018-12-01 18:32:06,2823,2468,355
2018-12-01 18:34:09,2892,2510,382
2018-12-01 18:36:12,2834,2478,356
2018-12-01 18:38:14,3290,2828,462
2018-12-01 18:40:17,3256,2784,472
2018-12-01 18:42:20,3206,2740,466
2018-12-01 18:44:22,3606,3110,496
2018-12-01 18:46:27,3158,2693,465
2018-12-01 18:48:31,2953,2512,441
2018-12-01 18:50:33,3054,2618,436
2018-12-01 18:52:37,2893,2505,388
2018-12-01 18:54:39,3017,2611,406
2018-12-01 18:56:42,3615,3166,449
2018-12-01 18:58:44,3085,2665,420
2018-12-01 19:00:47,3590,3093,497
2018-12-01 19:02:52,3095,2710,385
2018-12-01 19:04:54,3222,2799,423
2018-12-01 19:06:57,3034,2661,373
2018-12-01 19:09:00,2943,2585,358
2018-12-01 19:11:02,2857,2537,320
2018-12-01 19:13:05,2902,2568,334
2018-12-01 19:15:08,2844,2517,327
2018-12-01 19:17:11,2819,2484,335
2018-12-01 19:19:14,2863,2524,339
2018-12-01 19:21:17,3145,2756,389
2018-12-01 19:23:21,3014,2642,372
2018-12-01 19:25:23,2969,2622,347
2018-12-01 19:27:26,3118,2747,371
2018-12-01 19:29:29,2985,2636,349
2018-12-01 19:31:32,2982,2631,351
2018-12-01 19:33:35,3504,3102,402
2018-12-01 19:35:39,3331,2969,362
2018-12-01 19:37:41,2975,2617,358
2018-12-01 19:39:44,3014,2643,371
2018-12-01 19:41:45,3200,2811,389
2018-12-01 19:43:48,2944,2592,352
2018-12-01 19:45:51,2983,2610,373
2018-12-01 19:47:53,2880,2525,355
2018-12-01 19:49:56,2828,2460,368
2018-12-01 19:51:58,2923,2543,380
2018-12-01 19:54:01,3108,2706,402
2018-12-01 19:56:03,3147,2741,406
2018-12-01 19:58:05,2990,2631,359
2018-12-01 20:00:07,3023,2664,359
2018-12-01 20:02:10,3039,2680,359
2018-12-01 20:04:13,2987,2637,350
2018-12-01 20:06:16,2925,2571,354
2018-12-01 20:08:19,2852,2518,334
2018-12-01 20:10:21,2889,2560,329
2018-12-01 20:12:25,2832,2504,328
2018-12-01 20:14:28,2661,2364,297
2018-12-01 20:16:30,2673,2362,311
2018-12-01 20:18:34,2668,2363,305
2018-12-01 20:20:37,2626,2326,300
2018-12-01 20:22:38,2676,2362,314
2018-12-01 20:24:40,2493,2203,290
2018-12-01 20:26:43,2637,2337,300
2018-12-01 20:28:46,2877,2518,359
2018-12-01 20:30:49,2845,2469,376
2018-12-01 20:32:52,2932,2542,390
2018-12-01 20:34:54,2912,2538,374
2018-12-01 20:36:57,3299,2894,405
2018-12-01 20:38:59,2976,2604,372
2018-12-01 20:41:01,2600,2302,298
2018-12-01 20:43:03,2703,2387,316
2018-12-01 20:45:05,2811,2469,342
2018-12-01 20:47:07,2789,2437,352
2018-12-01 20:49:11,2863,2479,384
2018-12-01 20:51:13,2767,2394,373
2018-12-01 20:53:15,2791,2421,370
2018-12-01 20:55:18,2748,2381,367
2018-12-01 20:57:20,2708,2359,349
2018-12-01 20:59:22,2874,2515,359
2018-12-01 21:01:25,2639,2351,288
2018-12-01 21:03:28,3171,2834,337
2018-12-01 21:05:31,3300,2951,349
2018-12-01 21:07:34,3070,2710,360
2018-12-01 21:09:37,3720,3343,377
2018-12-01 21:11:41,3075,2689,386
2018-12-01 21:13:44,2944,2585,359
2018-12-01 21:15:46,2854,2510,344
2018-12-01 21:17:50,2643,2336,307
2018-12-01 21:19:53,2553,2253,300
2018-12-01 21:21:55,3494,3134,360
2018-12-01 21:23:57,2666,2349,317
2018-12-01 21:25:59,2779,2444,335
2018-12-01 21:28:03,2994,2604,390
2018-12-01 21:30:05,3036,2653,383
2018-12-01 21:32:07,2908,2562,346
2018-12-01 21:34:09,2971,2610,361
2018-12-01 21:36:11,2858,2532,326
2018-12-01 21:38:13,2670,2372,298
2018-12-01 21:40:15,2630,2331,299
2018-12-01 21:42:17,3200,2850,350
2018-12-01 21:44:20,2859,2495,364
2018-12-01 21:46:22,3059,2672,387
2018-12-01 21:48:24,2911,2530,381
2018-12-01 21:50:27,2780,2419,361
2018-12-01 21:52:30,2633,2324,309
2018-12-01 21:54:31,2675,2349,326
2018-12-01 21:56:34,2678,2355,323
2018-12-01 21:58:37,2613,2309,304
2018-12-01 22:00:39,2662,2343,319
2018-12-01 22:02:41,2636,2316,320
2018-12-01 22:04:44,2749,2431,318
2018-12-01 22:06:46,2549,2275,274
2018-12-01 22:08:50,2670,2384,286
2018-12-01 22:10:52,2719,2426,293
2018-12-01 22:12:55,2675,2379,296
2018-12-01 22:14:58,2656,2373,283
2018-12-01 22:17:01,2644,2354,290
2018-12-01 22:19:04,3032,2707,325
2018-12-01 22:21:07,2765,2426,339
2018-12-01 22:23:10,2669,2341,328
2018-12-01 22:25:13,2605,2290,315
2018-12-01 22:27:17,2696,2367,329
2018-12-01 22:29:20,2687,2347,340
2018-12-01 22:31:22,2709,2375,334
2018-12-01 22:33:24,2704,2388,316
2018-12-01 22:35:27,2870,2508,362
2018-12-01 22:37:31,2658,2323,335
2018-12-01 22:39:33,2607,2285,322
2018-12-01 22:41:36,2557,2244,313
2018-12-01 22:43:38,2611,2288,323
2018-12-01 22:45:40,2467,2181,286
2018-12-01 22:47:42,2696,2364,332
2018-12-01 22:49:44,2535,2225,310
2018-12-01 22:51:46,2651,2322,329
2018-12-01 22:53:48,2956,2612,344
2018-12-01 22:55:51,3048,2708,340
2018-12-01 22:57:55,2724,2409,315
2018-12-01 22:59:57,2917,2558,359
2018-12-01 23:02:00,2787,2426,361
2018-12-01 23:04:03,2650,2311,339
2018-12-01 23:06:05,2800,2413,387
2018-12-01 23:08:08,2732,2363,369
2018-12-01 23:10:10,2682,2313,369
2018-12-01 23:12:13,2903,2525,378
2018-12-01 23:14:17,2778,2393,385
2018-12-01 23:16:19,2800,2411,389
2018-12-01 23:18:22,2790,2388,402
2018-12-01 23:20:25,3956,3210,746
2018-12-01 23:22:27,3158,2763,395
2018-12-01 23:24:30,2777,2417,360
2018-12-01 23:26:32,2580,2240,340
2018-12-01 23:28:34,3211,2810,401
2018-12-01 23:30:36,2924,2472,452
2018-12-01 23:32:38,2856,2431,425
2018-12-01 23:34:40,2790,2383,407
2018-12-01 23:36:44,2754,2351,403
2018-12-01 23:38:47,2761,2363,398
2018-12-01 23:40:49,3149,2753,396
2018-12-01 23:42:53,2651,2311,340
2018-12-01 23:44:56,2819,2441,378
2018-12-01 23:46:58,2848,2496,352
2018-12-01 23:49:01,2893,2491,402
2018-12-01 23:51:04,2820,2447,373
2018-12-01 23:53:07,2773,2430,343
2018-12-01 23:55:10,2846,2492,354
2018-12-01 23:57:12,2788,2444,344
2018-12-01 23:59:15,2917,2558,359
2018-12-02 00:01:18,2791,2461,330
2018-12-02 00:03:20,2814,2476,338
2018-12-02 00:05:34,2789,2448,341
2018-12-02 00:07:37,2628,2304,324
2018-12-02 00:09:39,3048,2666,382
2018-12-02 00:11:41,4271,3561,710
2018-12-02 00:13:46,2939,2538,401
2018-12-02 00:15:48,2797,2436,361
2018-12-02 00:17:51,2932,2546,386
2018-12-02 00:19:53,2905,2523,382
2018-12-02 00:21:54,2791,2432,359
2018-12-02 00:23:56,2712,2368,344
2018-12-02 00:25:58,3008,2615,393
2018-12-02 00:28:01,2787,2449,338
2018-12-02 00:30:04,2864,2503,361
2018-12-02 00:32:06,3111,2730,381
2018-12-02 00:34:10,2705,2375,330
2018-12-02 00:36:12,2803,2463,340
2018-12-02 00:38:14,2695,2370,325
2018-12-02 00:40:16,3031,2655,376
2018-12-02 00:42:18,3036,2643,393
2018-12-02 00:44:21,3031,2644,387
2018-12-02 00:46:23,3638,3214,424
2018-12-02 00:48:27,3417,2964,453
2018-12-02 00:50:29,3041,2650,391
2018-12-02 00:52:32,3050,2667,383
2018-12-02 00:54:35,3052,2667,385
2018-12-02 00:56:38,3450,3068,382
2018-12-02 00:58:41,2748,2395,353
2018-12-02 01:00:43,2845,2469,376
2018-12-02 01:02:46,2826,2450,376
2018-12-02 01:04:48,2730,2382,348
2018-12-02 01:06:50,2721,2389,332
2018-12-02 01:08:51,2705,2385,320
2018-12-02 01:10:54,2575,2286,289
2018-12-02 01:12:56,2576,2290,286
2018-12-02 01:14:58,2767,2448,319
2018-12-02 01:17:01,2791,2460,331
2018-12-02 01:19:03,3496,3091,405
2018-12-02 01:21:06,2796,2439,357
2018-12-02 01:23:08,3483,3120,363
2018-12-02 01:25:09,2724,2380,344
2018-12-02 01:27:12,2812,2448,364
2018-12-02 01:29:15,2735,2378,357
2018-12-02 01:31:16,2814,2441,373
2018-12-02 01:33:19,2776,2399,377
2018-12-02 01:35:21,2967,2584,383
2018-12-02 01:37:23,2777,2424,353
2018-12-02 01:39:26,2824,2459,365
2018-12-02 01:41:27,2691,2356,335
2018-12-02 01:43:29,2609,2280,329
2018-12-02 01:45:31,2408,2114,294
2018-12-02 01:47:41,2545,2237,308
2018-12-02 01:49:44,2540,2211,329
2018-12-02 01:51:46,2606,2255,351
2018-12-02 01:53:49,2634,2291,343
2018-12-02 01:55:51,2672,2306,366
2018-12-02 01:57:55,2696,2320,376
2018-12-02 01:59:57,2586,2219,367
2018-12-02 02:02:00,2713,2328,385
2018-12-02 02:04:02,2974,2543,431
2018-12-02 02:06:04,2737,2351,386
2018-12-02 02:08:08,3200,2710,490
2018-12-02 02:10:10,2823,2395,428
2018-12-02 02:12:12,2776,2361,415
2018-12-02 02:14:14,2804,2387,417
2018-12-02 02:16:17,2984,2561,423
2018-12-02 02:18:20,2664,2279,385
2018-12-02 02:20:22,2770,2344,426
2018-12-02 02:22:25,2967,2535,432
2018-12-02 02:24:27,2775,2342,433
2018-12-02 02:26:29,2745,2328,417
2018-12-02 02:28:31,2651,2276,375
2018-12-02 02:30:33,2512,2177,335
2018-12-02 02:32:35,2597,2249,348
2018-12-02 02:34:38,2586,2245,341
2018-12-02 02:36:39,2638,2287,351
2018-12-02 02:38:41,2607,2279,328
2018-12-02 02:40:43,2454,2155,299
2018-12-02 02:42:45,2824,2458,366
2018-12-02 02:44:47,2909,2524,385
2018-12-02 02:46:50,2894,2510,384
2018-12-02 02:48:52,3006,2604,402
2018-12-02 02:50:54,2867,2485,382
2018-12-02 02:52:57,2787,2413,374
2018-12-02 02:54:59,2756,2407,349
2018-12-02 02:57:02,2779,2435,344
2018-12-02 02:59:03,2800,2474,326
2018-12-02 03:01:06,2814,2481,333
2018-12-02 03:03:09,2818,2503,315
2018-12-02 03:05:11,2974,2631,343
2018-12-02 03:07:14,3785,3293,492
2018-12-02 03:09:17,2857,2507,350
2018-12-02 03:11:19,3012,2644,368
2018-12-02 03:13:22,3014,2644,370
2018-12-02 03:15:24,2712,2378,334
2018-12-02 03:17:27,2737,2390,347
2018-12-02 03:19:29,2985,2612,373
2018-12-02 03:21:31,3095,2733,362
2018-12-02 03:23:33,3229,2851,378
2018-12-02 03:25:36,3408,2985,423
2018-12-02 03:27:39,2806,2452,354
2018-12-02 03:29:41,2984,2596,388
2018-12-02 03:31:43,2902,2535,367
2018-12-02 03:33:46,2906,2550,356
2018-12-02 03:35:48,3296,2918,378
2018-12-02 03:37:51,2747,2389,358
2018-12-02 03:39:54,2865,2497,368
2018-12-02 03:41:56,3036,2649,387
2018-12-02 03:43:58,2745,2393,352
2018-12-02 03:46:00,2910,2536,374
2018-12-02 03:48:03,2796,2436,360
2018-12-02 03:50:05,2777,2420,357
2018-12-02 03:52:07,2830,2462,368
2018-12-02 03:54:09,3148,2768,380
2018-12-02 03:56:10,2700,2367,333
2018-12-02 03:58:12,3368,2990,378
2018-12-02 04:00:15,2663,2333,330
2018-12-02 04:02:17,3044,2680,364
2018-12-02 04:04:19,2743,2382,361
2018-12-02 04:06:21,2983,2617,366
2018-12-02 04:08:23,2642,2286,356
2018-12-02 04:10:25,2453,2142,311
2018-12-02 04:12:27,2751,2383,368
2018-12-02 04:14:28,2932,2542,390
2018-12-02 04:16:32,2830,2452,378
2018-12-02 04:18:34,3069,2678,391
2018-12-02 04:20:35,2989,2608,381
2018-12-02 04:22:39,3083,2736,347
2018-12-02 04:24:41,2867,2534,333
2018-12-02 04:26:42,2759,2439,320
2018-12-02 04:28:44,2605,2305,300
2018-12-02 04:30:47,2707,2384,323
2018-12-02 04:32:50,2714,2389,325
2018-12-02 04:34:52,2709,2391,318
2018-12-02 04:36:54,3051,2701,350
2018-12-02 04:38:56,4214,3728,486
2018-12-02 04:40:59,4041,3559,482
2018-12-02 04:43:03,3036,2635,401
2018-12-02 04:45:05,3215,2781,434
2018-12-02 04:47:08,3124,2696,428
2018-12-02 04:49:12,2948,2552,396
2018-12-02 04:51:15,3384,2949,435
2018-12-02 04:53:19,2802,2401,401
2018-12-02 04:55:21,3446,2973,473
2018-12-02 04:57:24,2860,2463,397
2018-12-02 04:59:26,2904,2503,401
2018-12-02 05:01:28,2715,2365,350
2018-12-02 05:03:30,2865,2520,345
2018-12-02 05:05:33,3039,2663,376
2018-12-02 05:07:35,2962,2584,378
2018-12-02 05:09:37,2846,2495,351
2018-12-02 05:11:39,2934,2573,361
2018-12-02 05:13:41,2863,2517,346
2018-12-02 05:15:43,2915,2550,365
2018-12-02 05:17:45,3188,2768,420
2018-12-02 05:19:47,3080,2683,397
2018-12-02 05:21:48,3458,3065,393
2018-12-02 05:23:51,3106,2707,399
2018-12-02 05:25:53,3005,2603,402
2018-12-02 05:27:55,2985,2596,389
2018-12-02 05:29:57,2821,2462,359
2018-12-02 05:31:59,2872,2507,365
2018-12-02 05:34:01,2896,2528,368
2018-12-02 05:36:03,2915,2528,387
2018-12-02 05:38:05,4169,3321,848
2018-12-02 05:40:07,2962,2597,365
2018-12-02 05:42:09,2869,2532,337
2018-12-02 05:44:11,2948,2606,342
2018-12-02 05:46:13,2905,2575,330
2018-12-02 05:48:16,2669,2371,298
2018-12-02 05:50:20,3066,2711,355
2018-12-02 05:52:22,3026,2636,390
2018-12-02 05:54:24,2858,2512,346
2018-12-02 05:56:26,3007,2632,375
2018-12-02 05:58:28,2947,2554,393
2018-12-02 06:00:30,2762,2418,344
2018-12-02 06:02:32,2706,2378,328
2018-12-02 06:04:34,2707,2353,354
2018-12-02 06:06:38,2537,2218,319
2018-12-02 06:08:40,2679,2322,357
2018-12-02 06:10:43,2718,2352,366
2018-12-02 06:12:46,2779,2383,396
2018-12-02 06:14:50,3020,2596,424
2018-12-02 06:16:53,3043,2640,403
2018-12-02 06:18:55,3036,2632,404
2018-12-02 06:20:57,2809,2451,358
2018-12-02 06:22:59,2528,2232,296
2018-12-02 06:25:01,2629,2310,319
2018-12-02 06:27:07,2673,2346,327
2018-12-02 06:29:09,2630,2300,330
2018-12-02 06:31:11,2953,2558,395
2018-12-02 06:33:14,2876,2498,378
2018-12-02 06:35:17,3277,2839,438
2018-12-02 06:37:20,2935,2564,371
2018-12-02 06:39:22,2917,2537,380
2018-12-02 06:41:25,3188,2766,422
2018-12-02 06:43:28,2807,2445,362
2018-12-02 06:45:30,2677,2340,337
2018-12-02 06:47:33,2758,2400,358
2018-12-02 06:49:37,2619,2293,326
2018-12-02 06:51:39,2743,2386,357
2018-12-02 06:53:42,2704,2342,362
2018-12-02 06:55:44,2877,2491,386
2018-12-02 06:57:47,2745,2363,382
2018-12-02 06:59:49,3416,2952,464
2018-12-02 07:01:51,2812,2415,397
2018-12-02 07:03:53,2596,2227,369
2018-12-02 07:05:56,2601,2239,362
2018-12-02 07:07:58,3056,2603,453
2018-12-02 07:10:01,2780,2395,385
2018-12-02 07:12:03,2861,2485,376
2018-12-02 07:14:05,2941,2559,382
2018-12-02 07:16:08,2714,2391,323
2018-12-02 07:18:11,2946,2578,368
2018-12-02 07:20:13,3358,2960,398
2018-12-02 07:22:15,2884,2527,357
2018-12-02 07:24:17,2984,2604,380
2018-12-02 07:26:19,2909,2533,376
2018-12-02 07:28:21,2942,2577,365
2018-12-02 07:30:24,2961,2606,355
2018-12-02 07:32:26,3156,2802,354
2018-12-02 07:34:28,3025,2665,360
2018-12-02 07:36:31,2993,2616,377
2018-12-02 07:38:33,3004,2620,384
2018-12-02 07:40:35,2972,2570,402
2018-12-02 07:42:37,2960,2547,413
2018-12-02 07:44:39,2824,2444,380
2018-12-02 07:46:41,2810,2445,365
2018-12-02 07:48:43,2887,2505,382
2018-12-02 07:50:46,2779,2416,363
2018-12-02 07:52:48,3238,2827,411
2018-12-02 07:54:51,2861,2491,370
2018-12-02 07:56:53,4293,3302,991
2018-12-02 07:58:55,2773,2405,368
2018-12-02 08:00:57,2849,2471,378
2018-12-02 08:03:00,2779,2417,362
2018-12-02 08:05:03,3846,3432,414
2018-12-02 08:07:07,2943,2546,397
2018-12-02 08:09:10,3039,2623,416
2018-12-02 08:11:12,2982,2590,392
2018-12-02 08:13:15,3375,2970,405
2018-12-02 08:15:17,2947,2561,386
2018-12-02 08:17:19,2806,2450,356
2018-12-02 08:19:21,2986,2595,391
2018-12-02 08:21:23,2925,2547,378
2018-12-02 08:23:26,3042,2631,411
2018-12-02 08:25:28,3012,2619,393
2018-12-02 08:27:30,3324,2890,434
2018-12-02 08:29:32,2912,2550,362
2018-12-02 08:31:34,2981,2592,389
2018-12-02 08:33:36,2999,2632,367
2018-12-02 08:35:38,3426,3033,393
2018-12-02 08:37:41,3333,2932,401
2018-12-02 08:39:48,3629,3165,464
2018-12-02 08:41:51,3271,2822,449
2018-12-02 08:43:53,3635,3140,495
2018-12-02 08:45:55,3396,2934,462
2018-12-02 08:47:57,3219,2777,442
2018-12-02 08:49:59,2929,2538,391
2018-12-02 08:52:02,2963,2575,388
2018-12-02 08:54:04,2888,2504,384
2018-12-02 08:56:05,3351,2928,423
2018-12-02 08:58:08,2892,2527,365
2018-12-02 09:00:11,3018,2646,372
2018-12-02 09:02:13,3119,2711,408
2018-12-02 09:04:15,3148,2755,393
2018-12-02 09:06:19,2860,2519,341
2018-12-02 09:08:21,2859,2511,348
2018-12-02 09:10:23,3083,2737,346
2018-12-02 09:12:26,2848,2487,361
2018-12-02 09:14:28,3454,3079,375
2018-12-02 09:16:32,2767,2423,344
2018-12-02 09:18:33,2833,2469,364
2018-12-02 09:20:35,2741,2398,343
2018-12-02 09:22:37,3279,2878,401
2018-12-02 09:24:39,2929,2540,389
2018-12-02 09:26:42,2907,2514,393
2018-12-02 09:28:44,2691,2331,360
2018-12-02 09:30:46,2726,2312,414
2018-12-02 09:32:48,2496,2124,372
2018-12-02 09:34:50,2810,2414,396
2018-12-02 09:36:51,2612,2223,389
2018-12-02 09:38:53,2647,2282,365
2018-12-02 09:40:55,2668,2324,344
2018-12-02 09:42:58,3150,2775,375
2018-12-02 09:45:01,2754,2416,338
2018-12-02 09:47:03,2962,2621,341
2018-12-02 09:49:05,3258,2852,406
2018-12-02 09:51:09,2898,2545,353
2018-12-02 09:53:12,2842,2512,330
2018-12-02 09:55:14,3375,2985,390
2018-12-02 09:57:16,3024,2680,344
2018-12-02 09:59:18,2949,2605,344
2018-12-02 10:01:20,2977,2629,348
2018-12-02 10:03:23,2803,2459,344
2018-12-02 10:05:33,2731,2395,336
2018-12-02 10:07:37,2691,2362,329
2018-12-02 10:09:40,2881,2506,375
2018-12-02 10:11:42,2769,2408,361
2018-12-02 10:13:45,2781,2420,361
2018-12-02 10:15:47,2830,2456,374
2018-12-02 10:17:50,2921,2554,367
2018-12-02 10:19:51,2662,2322,340
2018-12-02 10:21:53,2480,2179,301
2018-12-02 10:23:55,2672,2319,353
2018-12-02 10:25:57,2902,2519,383
2018-12-02 10:27:59,3018,2616,402
2018-12-02 10:30:01,3405,3011,394
2018-12-02 10:32:04,2786,2435,351
2018-12-02 10:34:06,2845,2481,364
2018-12-02 10:36:09,2709,2374,335
2018-12-02 10:38:11,2723,2352,371
2018-12-02 10:40:12,2539,2185,354
2018-12-02 10:42:15,2402,2079,323
2018-12-02 10:44:17,2917,2499,418
2018-12-02 10:46:19,2991,2648,343
2018-12-02 10:48:22,2737,2370,367
2018-12-02 10:50:24,2758,2393,365
2018-12-02 10:52:26,2790,2427,363
2018-12-02 10:54:28,2662,2324,338
2018-12-02 10:56:30,3169,2811,358
2018-12-02 10:58:33,2589,2282,307
2018-12-02 11:00:35,2684,2356,328
2018-12-02 11:02:37,2578,2278,300
2018-12-02 11:04:40,2688,2377,311
2018-12-02 11:06:42,2521,2232,289
2018-12-02 11:08:44,2733,2403,330
2018-12-02 11:10:46,3164,2743,421
2018-12-02 11:12:49,2721,2387,334
2018-12-02 11:14:51,2815,2470,345
2018-12-02 11:16:54,2771,2438,333
2018-12-02 11:18:55,2912,2556,356
2018-12-02 11:20:57,2676,2382,294
2018-12-02 11:23:00,2716,2404,312
2018-12-02 11:25:02,2904,2555,349
2018-12-02 11:27:04,2882,2541,341
2018-12-02 11:29:05,2882,2566,316
2018-12-02 11:31:07,2820,2512,308
2018-12-02 11:33:09,3128,2789,339
2018-12-02 11:35:12,2908,2590,318
2018-12-02 11:37:14,3058,2738,320
2018-12-02 11:39:17,2867,2564,303
2018-12-02 11:41:19,2909,2575,334
2018-12-02 11:43:21,3058,2686,372
2018-12-02 11:45:23,3252,2873,379
2018-12-02 11:47:24,3045,2669,376
2018-12-02 11:49:26,2922,2560,362
2018-12-02 11:51:28,3405,2995,410
2018-12-02 11:53:31,4152,3363,789
2018-12-02 11:55:34,2912,2561,351
2018-12-02 11:57:37,2965,2620,345
2018-12-02 11:59:40,2938,2580,358
2018-12-02 12:01:42,2841,2508,333
2018-12-02 12:03:44,2793,2473,320
2018-12-02 12:05:47,2794,2446,348
2018-12-02 12:07:48,2805,2452,353
2018-12-02 12:09:50,3003,2630,373
2018-12-02 12:11:52,2693,2372,321
2018-12-02 12:13:54,2854,2510,344
2018-12-02 12:15:56,2739,2403,336
2018-12-02 12:17:58,2882,2532,350
2018-12-02 12:20:00,3025,2634,391
2018-12-02 12:22:02,2894,2520,374
2018-12-02 12:24:04,3513,3095,418
2018-12-02 12:26:07,3284,2837,447
2018-12-02 12:28:09,3194,2782,412
2018-12-02 12:30:11,3213,2799,414
2018-12-02 12:32:13,3491,3081,410
2018-12-02 12:34:15,3103,2705,398
2018-12-02 12:36:17,3620,3205,415
2018-12-02 12:38:20,2911,2511,400
2018-12-02 12:40:22,3198,2773,425
2018-12-02 12:42:24,2958,2569,389
2018-12-02 12:44:26,3107,2684,423
2018-12-02 12:46:28,2956,2565,391
2018-12-02 12:48:31,2991,2604,387
2018-12-02 12:50:34,3222,2868,354
2018-12-02 12:52:36,3123,2734,389
2018-12-02 12:54:38,2676,2379,297
2018-12-02 12:56:39,2700,2385,315
2018-12-02 12:58:42,2566,2273,293
2018-12-02 13:00:43,2632,2327,305
2018-12-02 13:02:46,2636,2333,303
2018-12-02 13:04:48,2737,2417,320
2018-12-02 13:06:51,2903,2518,385
2018-12-02 13:08:53,2671,2356,315
2018-12-02 13:10:55,2899,2560,339
2018-12-02 13:12:57,3071,2679,392
2018-12-02 13:14:59,4291,3906,385
2018-12-02 13:17:01,3063,2674,389
2018-12-02 13:19:04,3303,2901,402
2018-12-02 13:21:06,3213,2800,413
2018-12-02 13:23:08,2992,2644,348
2018-12-02 13:25:09,2912,2562,350
2018-12-02 13:27:11,2875,2510,365
2018-12-02 13:29:13,2988,2598,390
2018-12-02 13:31:16,2825,2464,361
2018-12-02 13:33:19,3159,2754,405
2018-12-02 13:35:22,2882,2500,382
2018-12-02 13:37:24,2699,2354,345
2018-12-02 13:39:26,3180,2786,394
2018-12-02 13:41:28,2626,2301,325
2018-12-02 13:43:30,2984,2605,379
2018-12-02 13:45:32,2876,2533,343
2018-12-02 13:47:34,2777,2441,336
2018-12-02 13:49:36,3249,2846,403
2018-12-02 13:51:39,2994,2636,358
2018-12-02 13:53:41,3062,2678,384
2018-12-02 13:55:44,2956,2580,376
2018-12-02 13:59:48,2895,2546,349
2018-12-02 14:01:50,2782,2470,312
2018-12-02 14:03:52,2521,2258,263
2018-12-02 14:05:54,2614,2326,288
2018-12-02 14:07:57,2743,2434,309
2018-12-02 14:09:59,2747,2424,323
2018-12-02 14:12:01,2971,2680,291
2018-12-02 14:14:04,2969,2639,330
2018-12-02 14:16:07,3246,2884,362
2018-12-02 14:18:09,2992,2636,356
2018-12-02 14:20:11,2862,2498,364
2018-12-02 14:22:13,2718,2382,336
2018-12-02 14:24:15,2872,2503,369
2018-12-02 14:26:17,2773,2419,354
2018-12-02 14:28:19,2758,2405,353
2018-12-02 14:30:20,2903,2538,365
2018-12-02 14:32:23,2912,2525,387
2018-12-02 14:34:25,2751,2393,358
2018-12-02 14:36:27,2772,2430,342
2018-12-02 14:38:29,2809,2447,362
2018-12-02 14:40:31,2935,2552,383
2018-12-02 14:42:33,2711,2378,333
2018-12-02 14:44:35,3099,2684,415
2018-12-02 14:46:38,2856,2476,380
2018-12-02 14:48:41,3064,2649,415
2018-12-02 14:50:43,2974,2583,391
2018-12-02 14:52:45,2861,2485,376
2018-12-02 14:54:47,2742,2390,352
2018-12-02 14:56:49,3584,3166,418
2018-12-02 14:58:51,2815,2432,383
2018-12-02 15:00:54,3306,2899,407
2018-12-02 15:02:57,2975,2551,424
2018-12-02 15:05:00,3374,2874,500
2018-12-02 15:07:02,2940,2545,395
2018-12-02 15:09:04,3050,2634,416
2018-12-02 15:11:06,2923,2530,393
2018-12-02 15:13:08,2826,2465,361
2018-12-02 15:15:10,2972,2587,385
2018-12-02 15:17:15,2780,2405,375
2018-12-02 15:19:17,2622,2291,331
2018-12-02 15:21:21,3285,2869,416
2018-12-02 15:23:24,2933,2533,400
2018-12-02 15:25:26,2993,2583,410
2018-12-02 15:27:29,3335,2861,474
2018-12-02 15:29:33,3138,2707,431
2018-12-02 15:31:35,2943,2542,401
2018-12-02 15:33:38,3136,2693,443
2018-12-02 15:35:41,3198,2745,453
2018-12-02 15:37:44,3020,2616,404
2018-12-02 15:39:47,3336,2903,433
2018-12-02 15:41:50,3096,2698,398
2018-12-02 15:43:53,2887,2523,364
2018-12-02 15:45:56,3209,2829,380
2018-12-02 15:47:58,3189,2747,442
2018-12-02 15:50:00,2878,2503,375
2018-12-02 15:52:02,2793,2442,351
2018-12-02 15:54:04,2742,2405,337
2018-12-02 15:56:06,2617,2316,301
2018-12-02 15:58:08,2561,2263,298
2018-12-02 16:00:09,2685,2373,312
2018-12-02 16:02:12,2636,2318,318
2018-12-02 16:04:14,2997,2645,352
2018-12-02 16:06:17,2958,2612,346
2018-12-02 16:08:20,2913,2547,366
2018-12-02 16:10:21,2833,2480,353
2018-12-02 16:12:23,2803,2458,345
2018-12-02 16:14:25,2594,2269,325
2018-12-02 16:16:27,2675,2340,335
2018-12-02 16:18:28,2974,2595,379
2018-12-02 16:20:29,2939,2539,400
2018-12-02 16:22:32,2929,2518,411
2018-12-02 16:24:34,3053,2619,434
2018-12-02 16:26:36,2982,2566,416
2018-12-02 16:28:38,2775,2408,367
2018-12-02 16:30:40,3203,2745,458
2018-12-02 16:32:43,2726,2370,356
2018-12-02 16:34:45,2653,2310,343
2018-12-02 16:36:48,3136,2739,397
2018-12-02 16:38:50,3289,2866,423
2018-12-02 16:40:52,3393,2972,421
2018-12-02 16:42:55,3001,2613,388
2018-12-02 16:44:56,3025,2628,397
2018-12-02 16:46:59,3106,2693,413
2018-12-02 16:49:01,2984,2575,409
2018-12-02 16:51:02,2818,2445,373
2018-12-02 16:53:04,2687,2347,340
2018-12-02 16:55:06,3390,2931,459
2018-12-02 16:57:08,3010,2613,397
2018-12-02 16:59:10,3129,2711,418
2018-12-02 17:01:13,3521,3111,410
2018-12-02 17:03:15,3349,2906,443
2018-12-02 17:05:17,2697,2387,310
2018-12-02 17:07:19,2769,2447,322
2018-12-02 17:09:21,2539,2252,287
2018-12-02 17:11:23,2659,2355,304
2018-12-02 17:13:25,2701,2397,304
2018-12-02 17:15:26,2647,2347,300
2018-12-02 17:17:28,2711,2393,318
2018-12-02 17:19:29,2866,2507,359
2018-12-02 17:21:31,2687,2350,337
2018-12-02 17:23:33,2537,2228,309
2018-12-02 17:25:35,2649,2303,346
2018-12-02 17:27:38,2909,2521,388
2018-12-02 17:29:39,2860,2486,374
2018-12-02 17:31:41,2809,2454,355
2018-12-02 17:33:44,3088,2708,380
2018-12-02 17:35:46,2839,2470,369
2018-12-02 17:37:48,2829,2464,365
2018-12-02 17:39:49,3045,2668,377
2018-12-02 17:41:51,2907,2503,404
2018-12-02 17:43:53,3250,2831,419
2018-12-02 17:45:55,2855,2461,394
2018-12-02 17:47:57,2935,2523,412
2018-12-02 17:49:59,4434,3957,477
2018-12-02 17:52:03,2978,2551,427
2018-12-02 17:54:05,2786,2397,389
2018-12-02 17:56:06,2902,2498,404
2018-12-02 17:58:09,2716,2359,357
2018-12-02 18:00:11,2669,2316,353
2018-12-02 18:02:13,2539,2208,331
2018-12-02 18:04:15,2657,2317,340
2018-12-02 18:06:18,2733,2378,355
2018-12-02 18:08:20,2665,2332,333
2018-12-02 18:10:21,2794,2424,370
2018-12-02 18:12:23,2681,2336,345
2018-12-02 18:14:25,2639,2291,348
2018-12-02 18:16:27,3527,3118,409
2018-12-02 18:18:29,2637,2286,351
2018-12-02 18:20:31,2780,2411,369
2018-12-02 18:22:33,2908,2506,402
2018-12-02 18:24:35,2928,2526,402
2018-12-02 18:26:37,2647,2292,355
2018-12-02 18:28:39,2589,2246,343
2018-12-02 18:30:41,3040,2606,434
2018-12-02 18:32:43,2965,2551,414
2018-12-02 18:34:44,2961,2540,421
2018-12-02 18:36:46,3103,2629,474
2018-12-02 18:38:48,3303,2816,487
2018-12-02 18:40:50,2813,2400,413
2018-12-02 18:42:53,2595,2235,360
2018-12-02 18:44:54,2733,2368,365
2018-12-02 18:46:57,2680,2327,353
2018-12-02 18:48:59,2794,2418,376
2018-12-02 18:51:01,2699,2350,349
2018-12-02 18:53:03,3345,2940,405
2018-12-02 18:55:05,2815,2437,378
2018-12-02 18:57:07,3049,2608,441
2018-12-02 18:59:10,2875,2487,388
2018-12-02 19:01:12,2858,2471,387
2018-12-02 19:03:14,3002,2595,407
2018-12-02 19:05:16,3225,2796,429
2018-12-02 19:07:19,2827,2435,392
2018-12-02 19:09:20,2799,2420,379
2018-12-02 19:11:22,3036,2634,402
2018-12-02 19:13:24,2896,2496,400
2018-12-02 19:15:26,2835,2445,390
2018-12-02 19:17:28,2888,2488,400
2018-12-02 19:19:31,2921,2518,403
2018-12-02 19:21:33,2807,2420,387
2018-12-02 19:23:35,2836,2450,386
2018-12-02 19:25:36,2829,2450,379
2018-12-02 19:27:39,2732,2374,358
2018-12-02 19:29:41,2870,2481,389
2018-12-02 19:31:43,2926,2536,390
2018-12-02 19:33:46,2821,2451,370
2018-12-02 19:35:47,2743,2395,348
2018-12-02 19:37:50,2829,2460,369
2018-12-02 19:39:52,2895,2528,367
2018-12-02 19:41:55,2898,2529,369
2018-12-02 19:43:58,2863,2507,356
2018-12-02 19:45:59,2888,2521,367
2018-12-02 19:48:01,3172,2764,408
2018-12-02 19:50:03,3034,2634,400
2018-12-02 19:52:04,2747,2395,352
2018-12-02 19:54:07,2793,2429,364
2018-12-02 19:56:08,3045,2676,369
2018-12-02 19:58:10,2671,2349,322
2018-12-02 20:00:12,2558,2253,305
2018-12-02 20:02:13,2686,2356,330
2018-12-02 20:04:16,2562,2263,299
2018-12-02 20:06:19,2697,2378,319
2018-12-02 20:08:21,2557,2239,318
2018-12-02 20:10:25,2837,2474,363
2018-12-02 20:12:27,2811,2441,370
2018-12-02 20:14:28,2845,2480,365
2018-12-02 20:16:30,2897,2519,378
2018-12-02 20:18:32,2569,2260,309
2018-12-02 20:20:33,2739,2396,343
2018-12-02 20:22:35,2765,2425,340
2018-12-02 20:24:37,2903,2532,371
2018-12-02 20:26:39,3023,2619,404
2018-12-02 20:28:43,3198,2749,449
2018-12-02 20:30:45,2896,2514,382
2018-12-02 20:32:47,2960,2578,382
2018-12-02 20:34:50,2852,2492,360
2018-12-02 20:36:52,2907,2539,368
2018-12-02 20:38:54,4341,3894,447
2018-12-02 20:40:57,3423,2951,472
2018-12-02 20:43:00,3228,2806,422
2018-12-02 20:45:02,3430,2897,533
2018-12-02 20:47:05,3307,2866,441
2018-12-02 20:49:08,3086,2687,399
2018-12-02 20:51:10,2828,2475,353
2018-12-02 20:53:13,3224,2829,395
2018-12-02 20:55:16,2879,2506,373
2018-12-02 20:57:19,2795,2431,364
2018-12-02 20:59:21,2881,2499,382
2018-12-02 21:01:23,3891,3471,420
2018-12-02 21:03:28,3037,2637,400
2018-12-02 21:05:31,2937,2555,382
2018-12-02 21:07:33,2888,2516,372
2018-12-02 21:09:36,3033,2636,397
2018-12-02 21:11:38,3078,2634,444
2018-12-02 21:13:40,2617,2291,326
2018-12-02 21:15:43,2785,2407,378
2018-12-02 21:17:45,2609,2294,315
2018-12-02 21:19:47,2688,2365,323
2018-12-02 21:21:49,2791,2451,340
2018-12-02 21:23:52,2743,2388,355
2018-12-02 21:25:55,2794,2426,368
2018-12-02 21:27:58,2730,2383,347
2018-12-02 21:30:01,2791,2407,384
2018-12-02 21:32:04,2915,2515,400
2018-12-02 21:34:06,2846,2467,379
2018-12-02 21:36:08,2914,2526,388
2018-12-02 21:38:10,3100,2677,423
2018-12-02 21:40:14,2797,2453,344
2018-12-02 21:42:16,2888,2547,341
2018-12-02 21:44:18,2731,2394,337
2018-12-02 21:46:21,3087,2729,358
2018-12-02 21:48:25,2977,2592,385
2018-12-02 21:50:27,3265,2827,438
2018-12-02 21:52:29,2972,2584,388
2018-12-02 21:54:31,3354,2886,468
2018-12-02 21:56:34,2927,2563,364
2018-12-02 21:58:37,2956,2602,354
2018-12-02 22:00:40,2858,2520,338
2018-12-02 22:02:42,2981,2649,332
2018-12-02 22:04:45,2909,2563,346
2018-12-02 22:06:47,2915,2568,347
2018-12-02 22:08:49,2787,2448,339
2018-12-02 22:10:52,3110,2738,372
2018-12-02 22:12:56,3137,2709,428
2018-12-02 22:14:58,3093,2679,414
2018-12-02 22:17:00,3231,2772,459
2018-12-02 22:19:03,3351,2863,488
2018-12-02 22:21:05,3404,2954,450
2018-12-02 22:23:08,3020,2626,394
2018-12-02 22:25:10,2928,2548,380
2018-12-02 22:27:12,3229,2834,395
2018-12-02 22:29:16,2948,2566,382
2018-12-02 22:31:19,2823,2456,367
2018-12-02 22:33:21,2901,2503,398
2018-12-02 22:35:24,2931,2541,390
2018-12-02 22:37:26,3191,2765,426
2018-12-02 22:39:28,2940,2557,383
2018-12-02 22:41:30,2764,2418,346
2018-12-02 22:43:34,2747,2384,363
2018-12-02 22:45:36,2784,2412,372
2018-12-02 22:47:39,2603,2259,344
2018-12-02 22:49:41,2978,2571,407
2018-12-02 22:51:44,3850,3381,469
2018-12-02 22:53:47,3376,2899,477
2018-12-02 22:55:50,3261,2772,489
2018-12-02 22:57:53,3080,2664,416
2018-12-02 22:59:57,3090,2680,410
2018-12-02 23:02:00,3129,2719,410
2018-12-02 23:04:03,2969,2573,396
2018-12-02 23:06:05,3160,2741,419
2018-12-02 23:08:08,2843,2487,356
2018-12-02 23:10:11,3173,2690,483
2018-12-02 23:12:13,2832,2485,347
2018-12-02 23:14:15,3597,3199,398
2018-12-02 23:16:18,2930,2559,371
2018-12-02 23:18:21,2897,2536,361
2018-12-02 23:20:23,2819,2475,344
2018-12-02 23:22:26,3033,2641,392
2018-12-02 23:24:29,3031,2639,392
2018-12-02 23:26:31,3006,2618,388
2018-12-02 23:28:34,3084,2677,407
2018-12-02 23:30:36,3141,2728,413
2018-12-02 23:32:39,2936,2555,381
2018-12-02 23:34:42,2871,2492,379
2018-12-02 23:36:45,3147,2670,477
2018-12-02 23:38:48,2711,2372,339
2018-12-02 23:40:51,2666,2332,334
2018-12-02 23:42:55,2664,2340,324
2018-12-02 23:44:58,2574,2267,307
2018-12-02 23:47:02,2549,2256,293
2018-12-02 23:49:05,2683,2375,308
2018-12-02 23:51:08,2588,2287,301
2018-12-02 23:53:10,2589,2293,296
2018-12-02 23:55:13,2694,2384,310
2018-12-02 23:57:16,2820,2488,332
2018-12-02 23:59:19,2766,2452,314
2018-12-03 00:01:21,2675,2369,306
2018-12-03 00:03:24,3297,2866,431
2018-12-03 00:05:31,3063,2704,359
2018-12-03 00:07:33,3043,2680,363
2018-12-03 00:09:36,2994,2627,367
2018-12-03 00:11:38,3053,2671,382
2018-12-03 00:13:41,3102,2726,376
2018-12-03 00:15:43,3395,2997,398
2018-12-03 00:17:47,2995,2642,353
2018-12-03 00:19:50,2831,2498,333
2018-12-03 00:21:52,3450,3107,343
2018-12-03 00:23:55,2843,2517,326
2018-12-03 00:25:59,2809,2485,324
2018-12-03 00:28:02,2797,2468,329
2018-12-03 00:30:05,3110,2721,389
2018-12-03 00:32:08,2823,2487,336
2018-12-03 00:34:10,2836,2497,339
2018-12-03 00:36:13,2857,2513,344
2018-12-03 00:38:15,3077,2661,416
2018-12-03 00:40:17,3143,2735,408
2018-12-03 00:42:20,3239,2807,432
2018-12-03 00:44:22,3479,3007,472
2018-12-03 00:46:26,3289,2848,441
2018-12-03 00:48:28,3269,2824,445
2018-12-03 00:50:30,3103,2687,416
2018-12-03 00:52:33,2975,2582,393
2018-12-03 00:54:36,2821,2456,365
2018-12-03 00:56:39,3193,2724,469
2018-12-03 00:58:41,2795,2451,344
2018-12-03 01:00:44,3133,2724,409
2018-12-03 01:02:47,2770,2431,339
2018-12-03 01:04:50,2901,2549,352
2018-12-03 01:06:53,2753,2402,351
2018-12-03 01:08:55,2785,2418,367
2018-12-03 01:10:57,2911,2534,377
2018-12-03 01:13:00,2912,2541,371
2018-12-03 01:15:02,2795,2435,360
2018-12-03 01:17:04,2738,2389,349
2018-12-03 01:19:08,2840,2476,364
2018-12-03 01:21:10,2621,2303,318
2018-12-03 01:23:12,2524,2219,305
2018-12-03 01:25:14,2648,2310,338
2018-12-03 01:27:17,2843,2475,368
2018-12-03 01:29:18,3063,2679,384
2018-12-03 01:31:22,2766,2416,350
2018-12-03 01:33:25,2764,2422,342
2018-12-03 01:35:27,3257,2868,389
2018-12-03 01:37:32,3014,2617,397
2018-12-03 01:39:35,3039,2657,382
2018-12-03 01:41:39,2902,2536,366
2018-12-03 01:43:41,3171,2760,411
2018-12-03 01:45:44,3058,2654,404
2018-12-03 01:47:47,2992,2598,394
2018-12-03 01:49:50,3373,2967,406
2018-12-03 01:51:53,2852,2491,361
2018-12-03 01:53:56,2912,2533,379
2018-12-03 01:55:58,3956,3352,604
2018-12-03 01:58:02,2941,2534,407
2018-12-03 02:00:04,2896,2503,393
2018-12-03 02:02:08,2822,2448,374
2018-12-03 02:04:10,2713,2374,339
2018-12-03 02:06:13,2743,2392,351
2018-12-03 02:08:15,2982,2597,385
2018-12-03 02:10:18,2755,2429,326
2018-12-03 02:12:20,3104,2735,369
2018-12-03 02:14:22,3053,2681,372
2018-12-03 02:16:24,3041,2671,370
2018-12-03 02:18:26,3339,2950,389
2018-12-03 02:20:29,3031,2668,363
2018-12-03 02:22:33,2893,2551,342
2018-12-03 02:24:35,2980,2621,359
2018-12-03 02:26:39,3736,3321,415
2018-12-03 02:28:41,3004,2608,396
2018-12-03 02:30:44,3334,2911,423
2018-12-03 02:32:47,3470,3021,449
2018-12-03 02:34:50,3070,2651,419
2018-12-03 02:36:52,3051,2649,402
2018-12-03 02:38:54,3368,2856,512
2018-12-03 02:40:57,2829,2473,356
2018-12-03 02:43:00,2818,2484,334
2018-12-03 02:45:03,2894,2560,334
2018-12-03 02:47:05,2985,2625,360
2018-12-03 02:49:08,2971,2613,358
2018-12-03 02:51:11,2916,2549,367
2018-12-03 02:53:14,2772,2427,345
2018-12-03 02:55:18,2779,2427,352
2018-12-03 02:57:20,3357,2980,377
2018-12-03 02:59:23,2671,2338,333
2018-12-03 03:01:26,3420,3056,364
2018-12-03 03:03:30,2573,2258,315
2018-12-03 03:05:33,3253,2839,414
2018-12-03 03:07:36,2696,2353,343
2018-12-03 03:09:39,2649,2303,346
2018-12-03 03:11:41,2538,2218,320
2018-12-03 03:13:43,3563,3172,391
2018-12-03 03:15:48,2653,2316,337
2018-12-03 03:17:51,3180,2781,399
2018-12-03 03:19:53,3121,2681,440
2018-12-03 03:21:56,3037,2638,399
2018-12-03 03:23:59,2787,2396,391
2018-12-03 03:26:01,2815,2422,393
2018-12-03 03:28:04,2555,2208,347
2018-12-03 03:30:07,2797,2401,396
2018-12-03 03:32:10,2836,2427,409
2018-12-03 03:34:12,2710,2316,394
2018-12-03 03:36:15,2767,2376,391
2018-12-03 03:38:17,3021,2537,484
2018-12-03 03:40:20,3167,2729,438
2018-12-03 03:42:22,2913,2498,415
2018-12-03 03:44:25,3762,3264,498
2018-12-03 03:46:27,3161,2728,433
2018-12-03 03:48:30,3094,2627,467
2018-12-03 03:50:33,3465,2874,591
2018-12-03 03:52:35,3022,2586,436
2018-12-03 03:54:37,3233,2809,424
2018-12-03 03:56:40,3169,2720,449
2018-12-03 03:58:43,3062,2640,422
2018-12-03 04:00:45,2892,2536,356
2018-12-03 04:02:48,3101,2701,400
2018-12-03 04:04:50,3084,2689,395
2018-12-03 04:06:52,3114,2697,417
2018-12-03 04:08:54,3015,2640,375
2018-12-03 04:10:57,3484,3070,414
2018-12-03 04:13:00,3351,2922,429
2018-12-03 04:15:03,3466,3042,424
2018-12-03 04:17:06,3364,2857,507
2018-12-03 04:19:09,2917,2538,379
2018-12-03 04:21:12,3061,2639,422
2018-12-03 04:23:15,3028,2627,401
2018-12-03 04:25:18,2983,2595,388
2018-12-03 04:27:21,3050,2642,408
2018-12-03 04:29:23,3064,2647,417
2018-12-03 04:31:25,3039,2641,398
2018-12-03 04:33:29,2976,2586,390
2018-12-03 04:35:32,2833,2463,370
2018-12-03 04:37:36,2677,2327,350
2018-12-03 04:39:40,3752,3267,485
2018-12-03 04:41:44,3489,3000,489
2018-12-03 04:43:47,3311,2841,470
2018-12-03 04:45:51,3217,2779,438
2018-12-03 04:47:57,3446,2967,479
2018-12-03 04:50:01,3037,2651,386
2018-12-03 04:52:05,3401,3014,387
2018-12-03 04:54:10,3230,2774,456
2018-12-03 04:56:13,3206,2788,418
2018-12-03 04:58:17,2986,2609,377
2018-12-03 05:00:20,2856,2505,351
2018-12-03 05:02:24,3233,2797,436
2018-12-03 05:04:28,3113,2715,398
2018-12-03 05:06:32,3143,2740,403
2018-12-03 05:08:36,4012,3579,433
2018-12-03 05:10:40,3515,2974,541
2018-12-03 05:12:44,3132,2748,384
2018-12-03 05:14:47,3222,2818,404
2018-12-03 05:16:50,3049,2695,354
2018-12-03 05:18:56,2992,2667,325
2018-12-03 05:21:00,3338,2925,413
2018-12-03 05:23:04,2981,2660,321
2018-12-03 05:25:08,3118,2772,346
2018-12-03 05:27:12,3353,2981,372
2018-12-03 05:29:16,3128,2760,368
2018-12-03 05:31:19,2921,2556,365
2018-12-03 05:33:23,3023,2637,386
2018-12-03 05:35:27,3010,2633,377
2018-12-03 05:37:30,2725,2396,329
2018-12-03 05:39:34,2611,2283,328
2018-12-03 05:41:39,3054,2647,407
2018-12-03 05:43:43,3233,2798,435
2018-12-03 05:45:47,3188,2764,424
2018-12-03 05:47:53,3780,3270,510
2018-12-03 05:49:58,3271,2836,435
2018-12-03 05:52:02,4235,3843,392
2018-12-03 05:54:08,3157,2778,379
2018-12-03 05:56:12,3175,2776,399
2018-12-03 05:58:16,3116,2738,378
2018-12-03 06:00:18,3013,2643,370
2018-12-03 06:02:21,2827,2477,350
2018-12-03 06:04:23,2729,2402,327
2018-12-03 06:06:26,2702,2357,345
2018-12-03 06:08:28,2785,2436,349
2018-12-03 06:10:30,2650,2331,319
2018-12-03 06:12:33,2699,2380,319
2018-12-03 06:14:35,3027,2660,367
2018-12-03 06:16:38,2556,2257,299
2018-12-03 06:18:41,2772,2440,332
2018-12-03 06:20:43,2788,2458,330
2018-12-03 06:22:46,3465,3050,415
2018-12-03 06:24:48,2955,2580,375
2018-12-03 06:26:50,3470,2988,482
2018-12-03 06:28:54,3127,2737,390
2018-12-03 06:30:57,2866,2498,368
2018-12-03 06:33:01,2935,2579,356
2018-12-03 06:35:04,2922,2562,360
2018-12-03 06:37:06,3057,2679,378
2018-12-03 06:39:10,2885,2520,365
2018-12-03 06:41:14,3077,2599,478
2018-12-03 06:43:17,3146,2703,443
2018-12-03 06:45:21,3123,2686,437
2018-12-03 06:47:25,2712,2369,343
2018-12-03 06:49:29,2901,2542,359
2018-12-03 06:51:33,2956,2595,361
2018-12-03 06:53:38,3494,3064,430
2018-12-03 06:55:44,3052,2682,370
2018-12-03 06:57:49,2843,2490,353
2018-12-03 06:59:54,2925,2551,374
2018-12-03 07:01:58,2901,2523,378
2018-12-03 07:04:03,2721,2367,354
2018-12-03 07:06:08,2952,2512,440
2018-12-03 07:08:12,3006,2544,462
2018-12-03 07:10:17,3204,2691,513
2018-12-03 07:12:22,3163,2692,471
2018-12-03 07:14:27,3244,2779,465
2018-12-03 07:16:31,3169,2734,435
2018-12-03 07:18:36,3139,2718,421
2018-12-03 07:20:40,3205,2784,421
2018-12-03 07:22:44,2990,2612,378
2018-12-03 07:24:47,2867,2513,354
2018-12-03 07:26:51,2857,2505,352
2018-12-03 07:28:56,2940,2572,368
2018-12-03 07:31:04,3150,2692,458
2018-12-03 07:33:09,2764,2419,345
2018-12-03 07:35:12,3020,2622,398
2018-12-03 07:37:16,3182,2767,415
2018-12-03 07:39:20,3149,2714,435
2018-12-03 07:41:24,3144,2704,440
2018-12-03 07:43:28,3174,2732,442
2018-12-03 07:45:32,3206,2764,442
2018-12-03 07:47:37,3184,2771,413
2018-12-03 07:49:40,3210,2805,405
2018-12-03 07:51:42,3144,2747,397
2018-12-03 07:53:45,3096,2704,392
2018-12-03 07:55:48,3238,2813,425
2018-12-03 07:57:51,3545,3080,465
2018-12-03 07:59:55,2841,2499,342
2018-12-03 08:01:59,3016,2627,389
2018-12-03 08:04:03,2946,2572,374
2018-12-03 08:06:07,3032,2645,387
2018-12-03 08:08:10,4272,3831,441
2018-12-03 08:10:15,3715,3272,443
2018-12-03 08:12:18,3402,2963,439
2018-12-03 08:14:21,3351,2933,418
2018-12-03 08:16:25,3259,2858,401
2018-12-03 08:18:29,3148,2772,376
2018-12-03 08:20:33,3129,2754,375
2018-12-03 08:22:38,3161,2748,413
2018-12-03 08:24:42,3606,3150,456
2018-12-03 08:26:45,2998,2622,376
2018-12-03 08:28:49,3040,2664,376
2018-12-03 08:30:52,3249,2771,478
2018-12-03 08:32:54,3079,2710,369
2018-12-03 08:34:58,2925,2580,345
2018-12-03 08:37:01,3175,2779,396
2018-12-03 08:39:07,3758,3267,491
2018-12-03 08:41:12,3869,3350,519
2018-12-03 08:43:16,3549,3061,488
2018-12-03 08:45:20,3574,3095,479
2018-12-03 08:47:23,3540,3054,486
2018-12-03 08:49:27,3314,2898,416
2018-12-03 08:51:30,2874,2547,327
2018-12-03 08:53:35,3071,2711,360
2018-12-03 08:55:39,3389,2963,426
2018-12-03 08:57:42,3590,3149,441
2018-12-03 08:59:46,3027,2671,356
2018-12-03 09:01:50,3081,2707,374
2018-12-03 09:03:54,3092,2705,387
2018-12-03 09:05:57,3206,2810,396
2018-12-03 09:08:00,2946,2581,365
2018-12-03 09:10:03,3249,2783,466
2018-12-03 09:12:07,3511,3130,381
2018-12-03 09:14:13,3325,2904,421
2018-12-03 09:16:17,3375,2984,391
2018-12-03 09:18:21,3280,2891,389
2018-12-03 09:20:24,3366,2969,397
2018-12-03 09:22:28,3301,2846,455
2018-12-03 09:24:31,3205,2773,432
2018-12-03 09:26:35,3043,2628,415
2018-12-03 09:28:38,3938,3470,468
2018-12-03 09:30:42,3007,2600,407
2018-12-03 09:32:45,3920,3465,455
2018-12-03 09:34:48,3423,2980,443
2018-12-03 09:36:52,3180,2763,417
2018-12-03 09:38:55,2990,2598,392
2018-12-03 09:40:58,3409,2996,413
2018-12-03 09:43:02,2869,2499,370
2018-12-03 09:45:04,2819,2462,357
2018-12-03 09:47:07,2800,2424,376
2018-12-03 09:49:09,3000,2587,413
2018-12-03 09:51:13,3080,2653,427
2018-12-03 09:53:16,2814,2441,373
2018-12-03 09:55:20,2598,2278,320
2018-12-03 09:57:24,2928,2537,391
2018-12-03 09:59:26,2738,2392,346
2018-12-03 10:01:30,2811,2433,378
2018-12-03 10:03:34,2991,2592,399
2018-12-03 10:05:37,3502,3037,465
2018-12-03 10:07:41,3033,2624,409
2018-12-03 10:09:45,2762,2420,342
2018-12-03 10:11:48,3674,3253,421
2018-12-03 10:13:53,3293,2920,373
2018-12-03 10:15:58,2909,2540,369
2018-12-03 10:18:02,3523,3069,454
2018-12-03 10:20:08,3003,2611,392
2018-12-03 10:22:10,3366,2957,409
2018-12-03 10:24:13,3099,2694,405
2018-12-03 10:26:16,3348,2938,410
2018-12-03 10:28:20,3300,2897,403
2018-12-03 10:30:24,3008,2641,367
2018-12-03 10:32:27,3467,3070,397
2018-12-03 10:34:31,2838,2503,335
2018-12-03 10:36:34,2851,2515,336
2018-12-03 10:38:37,2855,2508,347
2018-12-03 10:40:40,3891,3403,488
2018-12-03 10:42:43,2957,2588,369
2018-12-03 10:44:46,2885,2539,346
2018-12-03 10:46:49,3527,3064,463
2018-12-03 10:48:53,3196,2738,458
2018-12-03 10:50:56,3153,2724,429
2018-12-03 10:53:00,3084,2684,400
2018-12-03 10:55:02,3261,2831,430
2018-12-03 10:57:04,3155,2762,393
2018-12-03 10:59:06,3309,2914,395
2018-12-03 11:01:09,3058,2744,314
2018-12-03 11:03:11,3236,2895,341
2018-12-03 11:05:13,3177,2839,338
2018-12-03 11:07:15,3170,2816,354
2018-12-03 11:09:17,2958,2615,343
2018-12-03 11:11:20,2891,2568,323
2018-12-03 11:13:22,3301,2897,404
2018-12-03 11:15:26,3290,2886,404
2018-12-03 11:17:28,3248,2864,384
2018-12-03 11:19:31,3473,3055,418
2018-12-03 11:21:34,3288,2886,402
2018-12-03 11:23:40,3391,3025,366
2018-12-03 11:25:43,3177,2792,385
2018-12-03 11:27:47,3258,2852,406
2018-12-03 11:29:50,3719,3116,603
2018-12-03 11:31:53,3209,2801,408
2018-12-03 11:33:56,3121,2727,394
2018-12-03 11:35:59,2970,2627,343
2018-12-03 11:38:03,2899,2563,336
2018-12-03 11:40:05,2833,2508,325
2018-12-03 11:42:10,2872,2542,330
2018-12-03 11:44:12,2828,2492,336
2018-12-03 11:46:15,2984,2609,375
2018-12-03 11:48:18,3065,2629,436
2018-12-03 11:50:21,3323,2866,457
2018-12-03 11:52:23,3136,2713,423
2018-12-03 11:54:26,3306,2842,464
2018-12-03 11:56:29,3257,2804,453
2018-12-03 11:58:31,3502,3059,443
2018-12-03 12:00:34,3159,2710,449
2018-12-03 12:02:38,3051,2640,411
2018-12-03 12:04:41,3608,3169,439
2018-12-03 12:06:45,3014,2626,388
2018-12-03 12:08:47,3078,2655,423
2018-12-03 12:10:50,3063,2639,424
2018-12-03 12:12:53,3793,3350,443
2018-12-03 12:14:56,2932,2577,355
2018-12-03 12:16:58,3049,2655,394
2018-12-03 12:19:01,2935,2528,407
2018-12-03 12:21:03,2773,2416,357
2018-12-03 12:23:06,3010,2636,374
2018-12-03 12:25:09,2875,2509,366
2018-12-03 12:27:13,3110,2681,429
2018-12-03 12:29:16,3050,2610,440
2018-12-03 12:31:19,3036,2609,427
2018-12-03 12:33:19,3618,3151,467
2018-12-03 12:35:23,3041,2606,435
2018-12-03 12:37:26,2993,2565,428
2018-12-03 12:39:29,3940,3364,576
2018-12-03 12:41:32,3499,3012,487
2018-12-03 12:43:34,3486,3011,475
2018-12-03 12:45:38,3415,2960,455
2018-12-03 12:47:40,3530,3052,478
2018-12-03 12:49:43,3153,2758,395
2018-12-03 12:51:46,3170,2782,388
2018-12-03 12:53:50,3217,2773,444
2018-12-03 12:55:53,3110,2715,395
2018-12-03 12:57:56,2982,2627,355
2018-12-03 12:59:59,3139,2747,392
2018-12-03 13:02:03,3134,2762,372
2018-12-03 13:04:07,3091,2734,357
2018-12-03 13:06:10,3424,3018,406
2018-12-03 13:08:14,3245,2877,368
2018-12-03 13:10:18,3253,2872,381
2018-12-03 13:12:22,3209,2802,407
2018-12-03 13:14:25,3175,2792,383
2018-12-03 13:16:29,3194,2785,409
2018-12-03 13:18:33,3486,3075,411
2018-12-03 13:20:37,3269,2863,406
2018-12-03 13:22:41,3231,2849,382
2018-12-03 13:24:44,3345,2945,400
2018-12-03 13:26:48,3073,2720,353
2018-12-03 13:28:51,3035,2666,369
2018-12-03 13:30:54,2930,2586,344
2018-12-03 13:33:00,2888,2551,337
2018-12-03 13:35:02,3097,2718,379
2018-12-03 13:37:04,2917,2575,342
2018-12-03 13:39:07,3040,2670,370
2018-12-03 13:41:09,3087,2722,365
2018-12-03 13:43:11,3098,2735,363
2018-12-03 13:45:14,3322,2872,450
2018-12-03 13:47:16,2990,2642,348
2018-12-03 13:49:18,3360,2922,438
2018-12-03 13:51:20,3486,3086,400
2018-12-03 13:53:23,3625,3181,444
2018-12-03 13:55:28,3506,3117,389
2018-12-03 13:57:31,3186,2804,382
2018-12-03 13:59:33,3205,2817,388
2018-12-03 14:01:36,2995,2644,351
2018-12-03 14:03:40,3085,2732,353
2018-12-03 14:05:44,2971,2638,333
2018-12-03 14:07:47,2915,2591,324
2018-12-03 14:09:50,3129,2760,369
2018-12-03 14:11:54,3238,2860,378
2018-12-03 14:13:58,3122,2769,353
2018-12-03 14:16:01,3266,2902,364
2018-12-03 14:18:05,3344,2970,374
2018-12-03 14:20:09,3182,2836,346
2018-12-03 14:22:12,2993,2658,335
2018-12-03 14:24:18,3453,3069,384
2018-12-03 14:26:22,3655,3163,492
2018-12-03 14:28:27,3135,2750,385
2018-12-03 14:30:30,3320,2926,394
2018-12-03 14:32:34,3218,2853,365
2018-12-03 14:34:37,3396,2944,452
2018-12-03 14:36:41,3813,3455,358
2018-12-03 14:38:46,3319,2960,359
2018-12-03 14:40:49,3538,3163,375
2018-12-03 14:42:52,3418,2986,432
2018-12-03 14:44:56,3192,2837,355
2018-12-03 14:46:59,3062,2731,331
2018-12-03 14:49:03,3157,2766,391
2018-12-03 14:51:06,3598,3195,403
2018-12-03 14:53:10,3210,2806,404
2018-12-03 14:55:14,3184,2832,352
2018-12-03 14:57:17,3206,2840,366
2018-12-03 14:59:21,3201,2824,377
2018-12-03 15:01:25,3206,2831,375
2018-12-03 15:03:29,3161,2779,382
2018-12-03 15:05:31,3198,2808,390
2018-12-03 15:07:34,3105,2725,380
2018-12-03 15:09:36,3249,2887,362
2018-12-03 15:11:38,2849,2469,380
2018-12-03 15:13:41,2868,2493,375
2018-12-03 15:15:43,3077,2664,413
2018-12-03 15:17:45,3047,2653,394
2018-12-03 15:19:48,3159,2706,453
2018-12-03 15:21:50,4310,3858,452
2018-12-03 15:23:53,3133,2704,429
2018-12-03 15:25:55,3278,2868,410
2018-12-03 15:27:58,3309,2894,415
2018-12-03 15:30:02,3424,3004,420
2018-12-03 15:32:05,3324,2934,390
2018-12-03 15:34:09,3289,2896,393
2018-12-03 15:36:12,3312,2944,368
2018-12-03 15:38:15,3071,2746,325
2018-12-03 15:40:19,2948,2637,311
2018-12-03 15:42:22,3242,2861,381
2018-12-03 15:44:25,3435,3052,383
2018-12-03 15:46:29,3421,2995,426
2018-12-03 15:48:32,3324,2923,401
2018-12-03 15:50:36,3232,2820,412
2018-12-03 15:52:40,3061,2675,386
2018-12-03 15:54:44,3385,2981,404
2018-12-03 15:56:49,3057,2679,378
2018-12-03 15:58:53,3484,2993,491
2018-12-03 16:00:56,3034,2675,359
2018-12-03 16:03:00,2997,2653,344
2018-12-03 16:05:13,2779,2491,288
2018-12-03 16:07:17,2824,2523,301
2018-12-03 16:09:20,2867,2536,331
2018-12-03 16:11:23,2456,2200,256
2018-12-03 16:13:27,3088,2723,365
2018-12-03 16:15:32,2870,2511,359
2018-12-03 16:17:35,3050,2595,455
2018-12-03 16:19:39,3056,2657,399
2018-12-03 16:21:42,3517,3092,425
2018-12-03 16:23:46,2887,2511,376
2018-12-03 16:25:50,3302,2838,464
2018-12-03 16:27:54,2981,2596,385
2018-12-03 16:29:57,2854,2499,355
2018-12-03 16:32:00,2989,2621,368
2018-12-03 16:34:03,3701,3059,642
2018-12-03 16:36:08,3460,2889,571
2018-12-03 16:38:13,3383,2866,517
2018-12-03 16:40:16,3885,3261,624
2018-12-03 16:42:20,3699,3148,551
2018-12-03 16:44:24,4000,3299,701
2018-12-03 16:46:27,3858,3200,658
2018-12-03 16:48:31,3788,3237,551
2018-12-03 16:50:36,3289,2815,474
2018-12-03 16:52:40,3271,2797,474
2018-12-03 16:54:44,3176,2700,476
2018-12-03 16:56:47,3251,2765,486
2018-12-03 16:58:50,3004,2633,371
2018-12-03 17:00:54,3072,2671,401
2018-12-03 17:02:59,3990,3298,692
2018-12-03 17:05:04,3155,2722,433
2018-12-03 17:07:08,3328,2847,481
2018-12-03 17:09:11,3368,2885,483
2018-12-03 17:11:14,3135,2710,425
2018-12-03 17:13:17,3111,2677,434
2018-12-03 17:15:21,3001,2569,432
2018-12-03 17:17:24,3057,2653,404
2018-12-03 17:19:27,3444,2921,523
2018-12-03 17:21:31,3789,3215,574
2018-12-03 17:23:35,3322,2872,450
2018-12-03 17:25:38,3643,3062,581
2018-12-03 17:27:42,3672,3116,556
2018-12-03 17:29:46,3797,3231,566
2018-12-03 17:31:51,3369,2951,418
2018-12-03 17:33:56,3370,2900,470
2018-12-03 17:36:00,3499,3034,465
2018-12-03 17:38:03,3232,2834,398
2018-12-03 17:40:08,3439,2937,502
2018-12-03 17:42:10,4176,3372,804
2018-12-03 17:44:14,3534,3005,529
2018-12-03 17:46:16,3818,3203,615
2018-12-03 17:48:19,3144,2729,415
2018-12-03 17:50:22,3131,2729,402
2018-12-03 17:52:24,3626,3035,591
2018-12-03 17:54:28,3458,2911,547
2018-12-03 17:56:30,3722,3253,469
2018-12-03 17:58:36,3602,3025,577
2018-12-03 18:00:40,3463,3024,439
2018-12-03 18:02:44,3454,2941,513
2018-12-03 18:04:47,4262,3648,614
2018-12-03 18:06:54,3491,3015,476
2018-12-03 18:08:58,3172,2771,401
2018-12-03 18:11:02,3097,2714,383
2018-12-03 18:13:05,3061,2699,362
2018-12-03 18:15:09,2858,2527,331
2018-12-03 18:17:13,3113,2689,424
2018-12-03 18:19:16,2845,2503,342
2018-12-03 18:21:19,2833,2504,329
2018-12-03 18:23:23,3427,2987,440
2018-12-03 18:25:27,3020,2679,341
2018-12-03 18:27:30,2965,2645,320
2018-12-03 18:29:32,2909,2594,315
2018-12-03 18:31:35,3015,2678,337
2018-12-03 18:33:37,3746,3376,370
2018-12-03 18:35:39,2980,2649,331
2018-12-03 18:37:42,3071,2729,342
2018-12-03 18:39:45,2811,2514,297
2018-12-03 18:41:47,2821,2508,313
2018-12-03 18:43:50,3133,2718,415
2018-12-03 18:45:53,2869,2533,336
2018-12-03 18:47:56,3120,2687,433
2018-12-03 18:50:00,3516,3098,418
2018-12-03 18:52:04,2837,2517,320
2018-12-03 18:54:06,2836,2532,304
2018-12-03 18:56:10,3447,3094,353
2018-12-03 18:58:14,2836,2533,303
2018-12-03 19:00:18,2737,2476,261
2018-12-03 19:02:21,3023,2691,332
2018-12-03 19:04:25,2992,2644,348
2018-12-03 19:06:28,3196,2774,422
2018-12-03 19:08:33,3092,2696,396
2018-12-03 19:10:37,3074,2703,371
2018-12-03 19:12:40,3172,2783,389
2018-12-03 19:14:43,3321,2842,479
2018-12-03 19:16:47,3213,2794,419
2018-12-03 19:18:49,3486,3095,391
2018-12-03 19:20:52,3241,2826,415
2018-12-03 19:22:55,3662,3252,410
2018-12-03 19:24:58,3399,3006,393
2018-12-03 19:27:00,3259,2853,406
2018-12-03 19:29:03,3274,2843,431
2018-12-03 19:31:05,3167,2793,374
2018-12-03 19:33:08,3348,2924,424
2018-12-03 19:35:11,3288,2894,394
2018-12-03 19:37:14,3200,2807,393
2018-12-03 19:39:18,3159,2787,372
2018-12-03 19:41:21,3111,2761,350
2018-12-03 19:43:24,3060,2706,354
2018-12-03 19:45:28,3109,2757,352
2018-12-03 19:47:32,3382,2977,405
2018-12-03 19:49:35,2932,2583,349
2018-12-03 19:51:38,2717,2394,323
2018-12-03 19:53:41,2848,2503,345
2018-12-03 19:55:45,2904,2557,347
2018-12-03 19:57:50,2918,2566,352
2018-12-03 19:59:55,3437,3040,397
2018-12-03 20:01:59,3210,2836,374
2018-12-03 20:04:03,2985,2642,343
2018-12-03 20:06:07,3118,2754,364
2018-12-03 20:08:10,2963,2615,348
2018-12-03 20:10:12,3041,2679,362
2018-12-03 20:12:14,3683,3279,404
2018-12-03 20:14:17,3914,3504,410
2018-12-03 20:16:21,3494,3063,431
2018-12-03 20:18:23,3288,2896,392
2018-12-03 20:20:25,3215,2826,389
2018-12-03 20:22:28,3119,2743,376
2018-12-03 20:24:31,2973,2624,349
2018-12-03 20:26:34,3359,3000,359
2018-12-03 20:28:39,3176,2814,362
2018-12-03 20:30:43,3033,2697,336
2018-12-03 20:32:47,3677,3191,486
2018-12-03 20:34:52,3434,3003,431
2018-12-03 20:36:55,3175,2791,384
2018-12-03 20:38:58,3613,3163,450
2018-12-03 20:41:03,3398,2970,428
2018-12-03 20:43:06,3276,2863,413
2018-12-03 20:45:10,3189,2801,388
2018-12-03 20:47:13,3436,3022,414
2018-12-03 20:49:18,2960,2646,314
2018-12-03 20:51:22,2996,2667,329
2018-12-03 20:53:25,2772,2482,290
2018-12-03 20:55:29,3085,2731,354
2018-12-03 20:57:31,2776,2466,310
2018-12-03 20:59:34,2935,2579,356
2018-12-03 21:01:36,2848,2514,334
2018-12-03 21:03:39,3143,2746,397
2018-12-03 21:05:42,2684,2329,355
2018-12-03 21:07:44,3002,2592,410
2018-12-03 21:09:47,2930,2523,407
2018-12-03 21:11:50,3091,2651,440
2018-12-03 21:13:53,2885,2492,393
2018-12-03 21:15:58,2922,2525,397
2018-12-03 21:18:01,2879,2519,360
2018-12-03 21:20:05,2858,2509,349
2018-12-03 21:22:09,2935,2571,364
2018-12-03 21:24:12,3092,2689,403
2018-12-03 21:26:16,3281,2781,500
2018-12-03 21:28:21,3033,2643,390
2018-12-03 21:30:24,2921,2541,380
2018-12-03 21:32:28,2920,2517,403
2018-12-03 21:34:32,3047,2645,402
2018-12-03 21:36:35,3103,2674,429
2018-12-03 21:38:40,2962,2579,383
2018-12-03 21:40:44,2936,2580,356
2018-12-03 21:42:48,3284,2913,371
2018-12-03 21:44:54,2917,2569,348
2018-12-03 21:46:57,2858,2514,344
2018-12-03 21:48:59,3450,3030,420
2018-12-03 21:51:01,3116,2717,399
2018-12-03 21:53:04,3373,2857,516
2018-12-03 21:55:06,2807,2457,350
2018-12-03 21:57:08,3073,2683,390
2018-12-03 21:59:10,3681,3233,448
2018-12-03 22:01:13,3283,2905,378
2018-12-03 22:03:15,4088,3626,462
2018-12-03 22:05:32,3211,2767,444
2018-12-03 22:07:35,3138,2722,416
2018-12-03 22:09:39,3329,2853,476
2018-12-03 22:11:42,3742,3251,491
2018-12-03 22:13:47,3194,2781,413
2018-12-03 22:15:50,3208,2794,414
2018-12-03 22:17:54,3475,3047,428
2018-12-03 22:19:59,3283,2875,408
2018-12-03 22:22:03,3273,2864,409
2018-12-03 22:24:06,3105,2725,380
2018-12-03 22:26:09,3265,2863,402
2018-12-03 22:28:12,2913,2571,342
2018-12-03 22:30:16,3204,2751,453
2018-12-03 22:32:20,2781,2469,312
2018-12-03 22:34:23,3219,2880,339
2018-12-03 22:36:28,3023,2664,359
2018-12-03 22:38:31,3016,2656,360
2018-12-03 22:40:34,2987,2635,352
2018-12-03 22:42:36,3124,2750,374
2018-12-03 22:44:38,3041,2666,375
2018-12-03 22:46:41,3432,3034,398
2018-12-03 22:48:45,3153,2710,443
2018-12-03 22:50:48,2945,2531,414
2018-12-03 22:52:51,3707,3250,457
2018-12-03 22:54:54,3082,2595,487
2018-12-03 22:56:58,3561,3011,550
2018-12-03 22:59:02,2884,2494,390
2018-12-03 23:01:07,2821,2454,367
2018-12-03 23:03:11,2887,2514,373
2018-12-03 23:05:15,3185,2721,464
2018-12-03 23:07:19,3150,2737,413
2018-12-03 23:09:22,3199,2795,404
2018-12-03 23:11:26,3291,2875,416
2018-12-03 23:13:30,3214,2827,387
2018-12-03 23:15:33,3656,3248,408
2018-12-03 23:17:38,3173,2817,356
2018-12-03 23:19:41,2922,2612,310
2018-12-03 23:21:44,3086,2710,376
2018-12-03 23:23:47,3474,3052,422
2018-12-03 23:25:51,3756,3328,428
2018-12-03 23:27:55,3070,2719,351
2018-12-03 23:29:57,3378,2966,412
2018-12-03 23:32:00,3338,2950,388
2018-12-03 23:34:02,3701,3294,407
2018-12-03 23:36:04,3356,2979,377
2018-12-03 23:38:08,6468,6034,434
2018-12-03 23:40:14,3421,3009,412
2018-12-03 23:42:17,3302,2908,394
2018-12-03 23:44:22,3412,2987,425
2018-12-03 23:46:26,3476,3055,421
2018-12-03 23:48:30,3255,2850,405
2018-12-03 23:50:36,3718,3283,435
2018-12-03 23:52:41,3133,2762,371
2018-12-03 23:54:46,3083,2733,350
2018-12-03 23:56:50,2899,2603,296
2018-12-03 23:58:55,2934,2625,309
2018-12-04 00:00:58,3318,2887,431
2018-12-04 00:03:04,2805,2514,291
2018-12-04 00:05:30,2932,2609,323
2018-12-04 00:07:35,3024,2679,345
2018-12-04 00:09:38,3104,2744,360
2018-12-04 00:11:41,3009,2676,333
2018-12-04 00:13:44,3099,2740,359
2018-12-04 00:15:46,3002,2654,348
2018-12-04 00:17:49,3786,3329,457
2018-12-04 00:19:51,3355,2942,413
2018-12-04 00:21:53,2904,2580,324
2018-12-04 00:23:55,3025,2682,343
2018-12-04 00:25:57,3200,2843,357
2018-12-04 00:28:00,3554,3178,376
2018-12-04 00:30:04,3032,2693,339
2018-12-04 00:32:07,3029,2702,327
2018-12-04 00:34:11,3321,2805,516
2018-12-04 00:36:16,3005,2641,364
2018-12-04 00:38:19,2832,2493,339
2018-12-04 00:40:23,4436,4007,429
2018-12-04 00:42:27,4789,4211,578
2018-12-04 00:44:31,4613,4133,480
2018-12-04 00:46:36,4567,4120,447
2018-12-04 00:48:40,4254,3864,390
2018-12-04 00:50:44,2609,2316,293
2018-12-04 00:52:47,2810,2479,331
2018-12-04 00:54:51,2923,2562,361
2018-12-04 00:56:54,2913,2562,351
2018-12-04 00:58:58,2902,2539,363
2018-12-04 01:01:00,3049,2677,372
2018-12-04 01:03:03,3345,2849,496
2018-12-04 01:05:06,3389,3008,381
2018-12-04 01:07:09,3157,2759,398
2018-12-04 01:09:11,3233,2810,423
2018-12-04 01:11:14,3246,2835,411
2018-12-04 01:13:17,3098,2693,405
2018-12-04 01:15:20,3182,2771,411
2018-12-04 01:17:23,3265,2834,431
2018-12-04 01:19:27,3321,2890,431
2018-12-04 01:21:30,3106,2733,373
2018-12-04 01:23:34,3235,2829,406
2018-12-04 01:25:36,3227,2828,399
2018-12-04 01:27:41,3418,2970,448
2018-12-04 01:29:45,3183,2738,445
2018-12-04 01:31:48,3189,2764,425
2018-12-04 01:33:53,3187,2750,437
2018-12-04 01:35:57,3819,3372,447
2018-12-04 01:38:03,3393,2987,406
2018-12-04 01:40:08,2873,2524,349
2018-12-04 01:42:12,2954,2584,370
2018-12-04 01:44:16,3025,2651,374
2018-12-04 01:46:22,3224,2852,372
2018-12-04 01:48:27,3157,2777,380
2018-12-04 01:50:31,3471,3005,466
2018-12-04 01:52:33,3136,2763,373
2018-12-04 01:54:35,3131,2744,387
2018-12-04 01:56:37,2792,2447,345
2018-12-04 01:58:40,2671,2343,328
2018-12-04 02:00:42,2813,2457,356
2018-12-04 02:02:45,2957,2583,374
2018-12-04 02:04:47,3034,2636,398
2018-12-04 02:06:50,3056,2695,361
2018-12-04 02:08:53,3125,2739,386
2018-12-04 02:10:56,3972,3545,427
2018-12-04 02:13:01,3172,2762,410
2018-12-04 02:15:05,3533,3106,427
2018-12-04 02:17:10,3363,2935,428
2018-12-04 02:19:16,3062,2718,344
2018-12-04 02:21:19,3245,2845,400
2018-12-04 02:23:23,3381,2979,402
2018-12-04 02:25:27,3458,3043,415
2018-12-04 02:27:30,3252,2896,356
2018-12-04 02:29:34,3333,2963,370
2018-12-04 02:31:38,3338,2958,380
2018-12-04 02:33:41,3374,3004,370
2018-12-04 02:35:47,3126,2774,352
2018-12-04 02:37:52,3293,2929,364
2018-12-04 02:39:56,3164,2801,363
2018-12-04 02:42:00,3071,2721,350
2018-12-04 02:44:03,2854,2540,314
2018-12-04 02:46:06,3144,2726,418
2018-12-04 02:48:09,2900,2531,369
2018-12-04 02:50:11,3200,2768,432
2018-12-04 02:52:14,3234,2786,448
2018-12-04 02:54:17,3581,3094,487
2018-12-04 02:56:19,3589,3136,453
2018-12-04 02:58:22,3201,2782,419
2018-12-04 03:00:26,3125,2725,400
2018-12-04 03:02:29,3282,2831,451
2018-12-04 03:04:32,3619,3144,475
2018-12-04 03:06:36,3161,2779,382
2018-12-04 03:08:40,3508,3111,397
2018-12-04 03:10:43,3998,3469,529
2018-12-04 03:12:47,3300,2946,354
2018-12-04 03:14:50,3343,2985,358
2018-12-04 03:16:53,3294,2955,339
2018-12-04 03:18:58,3423,3054,369
2018-12-04 03:21:01,3540,3151,389
2018-12-04 03:23:05,3389,3015,374
2018-12-04 03:25:09,3211,2883,328
2018-12-04 03:27:12,3284,2921,363
2018-12-04 03:29:16,3125,2779,346
2018-12-04 03:31:19,2981,2661,320
2018-12-04 03:33:23,3200,2843,357
2018-12-04 03:35:25,3246,2869,377
2018-12-04 03:37:28,3596,3117,479
2018-12-04 03:39:30,3774,3358,416
2018-12-04 03:41:33,3293,2918,375
2018-12-04 03:43:35,3274,2890,384
2018-12-04 03:45:38,3031,2691,340
2018-12-04 03:47:42,3050,2717,333
2018-12-04 03:49:46,3089,2765,324
2018-12-04 03:51:50,3154,2827,327
2018-12-04 03:53:54,3430,2987,443
2018-12-04 03:55:58,3085,2729,356
2018-12-04 03:58:01,2983,2634,349
2018-12-04 04:00:06,2920,2590,330
2018-12-04 04:02:09,2775,2460,315
2018-12-04 04:04:12,2658,2361,297
2018-12-04 04:06:17,2729,2428,301
2018-12-04 04:08:20,2687,2409,278
2018-12-04 04:10:23,2880,2556,324
2018-12-04 04:12:27,3173,2795,378
2018-12-04 04:14:30,3375,2956,419
2018-12-04 04:16:34,3356,2967,389
2018-12-04 04:18:37,3382,2995,387
2018-12-04 04:20:40,3376,2969,407
2018-12-04 04:22:43,2969,2639,330
2018-12-04 04:24:45,3109,2764,345
2018-12-04 04:26:48,2858,2539,319
2018-12-04 04:28:50,2863,2536,327
2018-12-04 04:30:53,2992,2627,365
2018-12-04 04:32:55,2956,2594,362
2018-12-04 04:34:58,3112,2709,403
2018-12-04 04:37:01,3153,2743,410
2018-12-04 04:39:04,3944,3422,522
2018-12-04 04:41:08,3673,3142,531
2018-12-04 04:43:12,3591,3129,462
2018-12-04 04:45:16,3332,2936,396
2018-12-04 04:47:20,3402,2951,451
2018-12-04 04:49:23,3241,2836,405
2018-12-04 04:51:27,3087,2681,406
2018-12-04 04:53:31,3218,2773,445
2018-12-04 04:55:34,3094,2679,415
2018-12-04 04:57:38,3249,2781,468
2018-12-04 04:59:41,2881,2529,352
2018-12-04 05:01:44,2993,2623,370
2018-12-04 05:03:48,3327,2896,431
2018-12-04 05:05:53,3171,2773,398
2018-12-04 05:07:56,3818,3318,500
2018-12-04 05:10:00,3421,2987,434
2018-12-04 05:12:04,3331,2912,419
2018-12-04 05:14:07,3290,2893,397
2018-12-04 05:16:10,3513,3094,419
2018-12-04 05:18:13,3317,2843,474
2018-12-04 05:20:16,3054,2693,361
2018-12-04 05:22:18,3209,2819,390
2018-12-04 05:24:20,3362,2883,479
2018-12-04 05:26:23,3105,2733,372
2018-12-04 05:28:25,3166,2780,386
2018-12-04 05:30:29,2968,2606,362
2018-12-04 05:32:32,2900,2539,361
2018-12-04 05:34:36,2892,2523,369
2018-12-04 05:36:39,3090,2666,424
2018-12-04 05:38:42,3025,2627,398
2018-12-04 05:40:45,2778,2435,343
2018-12-04 05:42:49,2973,2605,368
2018-12-04 05:44:52,3020,2633,387
2018-12-04 05:46:56,2897,2555,342
2018-12-04 05:48:59,2808,2489,319
2018-12-04 05:51:03,3493,2887,606
2018-12-04 05:53:06,2724,2415,309
2018-12-04 05:55:10,2857,2523,334
2018-12-04 05:57:13,2967,2613,354
2018-12-04 05:59:17,2944,2590,354
2018-12-04 06:01:20,3400,2960,440
2018-12-04 06:03:23,3314,2897,417
2018-12-04 06:05:33,3262,2865,397
2018-12-04 06:07:36,3401,2980,421
2018-12-04 06:09:38,3389,2983,406
2018-12-04 06:11:41,3219,2841,378
2018-12-04 06:13:43,3195,2801,394
2018-12-04 06:15:46,3330,2904,426
2018-12-04 06:17:49,3717,3185,532
2018-12-04 06:19:53,3066,2675,391
2018-12-04 06:21:57,2778,2438,340
2018-12-04 06:24:00,2661,2345,316
2018-12-04 06:26:02,2779,2448,331
2018-12-04 06:28:05,3157,2741,416
2018-12-04 06:30:08,3096,2665,431
2018-12-04 06:32:11,2967,2587,380
2018-12-04 06:34:16,3027,2629,398
2018-12-04 06:36:20,3055,2647,408
2018-12-04 06:38:25,2830,2458,372
2018-12-04 06:40:29,2823,2445,378
2018-12-04 06:42:34,2775,2412,363
2018-12-04 06:44:38,2599,2278,321
2018-12-04 06:46:44,2749,2410,339
2018-12-04 06:48:49,2766,2425,341
2018-12-04 06:50:54,2923,2558,365
2018-12-04 06:52:58,2878,2510,368
2018-12-04 06:55:02,2936,2571,365
2018-12-04 06:57:06,3087,2637,450
2018-12-04 06:59:10,2980,2545,435
2018-12-04 07:01:14,3280,2720,560
2018-12-04 07:03:20,3488,2984,504
2018-12-04 07:05:23,2982,2546,436
2018-12-04 07:07:27,3015,2578,437
2018-12-04 07:09:31,3134,2660,474
2018-12-04 07:11:36,3075,2653,422
2018-12-04 07:13:39,3089,2673,416
2018-12-04 07:15:42,3157,2772,385
2018-12-04 07:17:48,3896,3389,507
2018-12-04 07:19:52,3399,2934,465
2018-12-04 07:21:56,3363,2923,440
2018-12-04 07:24:00,3310,2893,417
2018-12-04 07:26:03,3281,2851,430
2018-12-04 07:28:07,3244,2746,498
2018-12-04 07:30:11,2923,2514,409
2018-12-04 07:32:15,3054,2607,447
2018-12-04 07:34:19,3250,2811,439
2018-12-04 07:36:24,3032,2576,456
2018-12-04 07:38:28,2783,2408,375
2018-12-04 07:40:31,2940,2565,375
2018-12-04 07:42:35,3141,2715,426
2018-12-04 07:44:39,2732,2406,326
2018-12-04 07:46:43,2809,2467,342
2018-12-04 07:48:48,3083,2680,403
2018-12-04 07:50:54,2959,2577,382
2018-12-04 07:52:57,3193,2749,444
2018-12-04 07:55:02,3913,3292,621
2018-12-04 07:57:05,3183,2759,424
2018-12-04 07:59:08,3246,2801,445
2018-12-04 08:01:12,3298,2859,439
2018-12-04 08:03:17,2855,2495,360
2018-12-04 08:05:30,3846,3360,486
2018-12-04 08:07:34,3144,2752,392
2018-12-04 08:09:38,3209,2779,430
2018-12-04 08:11:41,3228,2741,487
2018-12-04 08:13:46,2811,2469,342
2018-12-04 08:15:49,3168,2748,420
2018-12-04 08:17:52,3422,2978,444
2018-12-04 08:19:57,4093,3473,620
2018-12-04 08:22:02,3566,3058,508
2018-12-04 08:24:05,3565,3082,483
2018-12-04 08:26:10,3660,3141,519
2018-12-04 08:28:15,3018,2627,391
2018-12-04 08:30:19,3200,2771,429
2018-12-04 08:32:24,3201,2711,490
2018-12-04 08:34:28,2938,2579,359
2018-12-04 08:36:31,3010,2653,357
2018-12-04 08:38:36,3647,3186,461
2018-12-04 08:40:41,3565,3100,465
2018-12-04 08:42:44,3402,2980,422
2018-12-04 08:44:47,3653,3178,475
2018-12-04 08:46:51,3727,3232,495
2018-12-04 08:48:56,3963,3320,643
2018-12-04 08:51:00,3633,3208,425
2018-12-04 08:55:09,3823,3415,408
2018-12-04 08:57:14,3456,2999,457
2018-12-04 08:59:18,3766,3249,517
2018-12-04 09:01:22,3391,2997,394
2018-12-04 09:03:26,3284,2886,398
2018-12-04 09:05:30,3141,2751,390
2018-12-04 09:07:34,3430,2964,466
2018-12-04 09:09:37,3324,2862,462
2018-12-04 09:11:40,3407,2878,529
2018-12-04 09:13:43,3126,2691,435
2018-12-04 09:15:46,3380,2826,554
2018-12-04 09:17:48,3343,2848,495
2018-12-04 09:19:50,3202,2753,449
2018-12-04 09:21:53,3235,2780,455
2018-12-04 09:23:55,3383,2918,465
2018-12-04 09:25:58,3036,2653,383
2018-12-04 09:28:01,3265,2787,478
2018-12-04 09:30:03,3304,2860,444
2018-12-04 09:32:05,3055,2684,371
2018-12-04 09:34:07,3201,2796,405
2018-12-04 09:36:09,2937,2582,355
2018-12-04 09:38:11,3237,2798,439
2018-12-04 09:40:13,3205,2788,417
2018-12-04 09:42:17,2944,2575,369
2018-12-04 09:44:20,3154,2758,396
2018-12-04 09:46:22,3249,2813,436
2018-12-04 09:48:24,3342,2874,468
2018-12-04 09:50:29,3131,2735,396
2018-12-04 09:52:33,3213,2814,399
2018-12-04 09:54:36,3241,2832,409
2018-12-04 09:56:38,3314,2914,400
2018-12-04 09:58:42,3380,2970,410
2018-12-04 10:00:46,3930,3498,432
2018-12-04 10:02:51,3254,2849,405
2018-12-04 10:04:54,3316,2904,412
2018-12-04 10:06:58,3223,2813,410
2018-12-04 10:09:02,3384,2901,483
2018-12-04 10:11:06,3255,2833,422
2018-12-04 10:13:10,3714,3220,494
2018-12-04 10:15:15,3277,2849,428
2018-12-04 10:17:19,3150,2740,410
2018-12-04 10:19:22,3521,3088,433
2018-12-04 10:21:27,3033,2665,368
2018-12-04 10:23:31,3146,2782,364
2018-12-04 10:25:35,3390,2955,435
2018-12-04 10:27:39,3416,2914,502
2018-12-04 10:29:44,3341,2904,437
2018-12-04 10:31:47,3392,2952,440
2018-12-04 10:33:51,4011,3543,468
2018-12-04 10:35:55,3382,2955,427
2018-12-04 10:37:59,3291,2893,398
2018-12-04 10:40:03,3009,2659,350
2018-12-04 10:42:07,3256,2817,439
2018-12-04 10:44:10,3003,2589,414
2018-12-04 10:46:15,3230,2811,419
2018-12-04 10:48:19,3290,2849,441
2018-12-04 10:50:23,3165,2741,424
2018-12-04 10:52:27,3748,3283,465
2018-12-04 10:54:30,3065,2689,376
2018-12-04 10:56:34,3130,2726,404
2018-12-04 10:58:37,2881,2487,394
2018-12-04 11:00:41,2910,2500,410
2018-12-04 11:02:45,3533,3136,397
2018-12-04 11:04:50,3137,2741,396
2018-12-04 11:06:54,3228,2823,405
2018-12-04 11:08:57,3685,3248,437
2018-12-04 11:11:01,3387,2936,451
2018-12-04 11:13:05,3039,2675,364
2018-12-04 11:15:08,3199,2800,399
2018-12-04 11:17:13,3419,2999,420
2018-12-04 11:19:16,3224,2805,419
2018-12-04 11:21:20,3212,2792,420
2018-12-04 11:23:23,3104,2694,410
2018-12-04 11:25:27,3312,2848,464
2018-12-04 11:27:31,3792,3289,503
2018-12-04 11:29:35,3102,2678,424
2018-12-04 11:31:39,3170,2746,424
2018-12-04 11:33:43,3180,2743,437
2018-12-04 11:35:47,3452,2894,558
2018-12-04 11:37:52,3216,2769,447
2018-12-04 11:39:55,3567,3039,528
2018-12-04 11:41:59,3308,2877,431
2018-12-04 11:44:04,3378,2946,432
2018-12-04 11:46:08,3983,3409,574
2018-12-04 11:48:12,3181,2767,414
2018-12-04 11:50:15,2997,2632,365
2018-12-04 11:52:20,2822,2505,317
2018-12-04 11:54:24,2912,2571,341
2018-12-04 11:56:28,3263,2842,421
2018-12-04 11:58:31,3174,2782,392
2018-12-04 12:00:35,3642,3206,436
2018-12-04 12:02:40,3342,2913,429
2018-12-04 12:04:43,3437,2991,446
2018-12-04 12:06:48,3156,2748,408
2018-12-04 12:08:52,3356,2909,447
2018-12-04 12:10:55,3366,2917,449
2018-12-04 12:12:59,3318,2864,454
2018-12-04 12:15:03,3203,2796,407
2018-12-04 12:17:06,3338,2861,477
2018-12-04 12:19:12,3664,3126,538
2018-12-04 12:21:15,3531,3053,478
2018-12-04 12:23:17,3570,3054,516
2018-12-04 12:25:20,3243,2795,448
2018-12-04 12:27:23,4011,3419,592
2018-12-04 12:29:26,3632,3134,498
2018-12-04 12:31:28,3422,2899,523
2018-12-04 12:33:31,3234,2802,432
2018-12-04 12:35:34,3045,2666,379
2018-12-04 12:37:36,3144,2748,396
2018-12-04 12:39:39,3466,3004,462
2018-12-04 12:41:41,3144,2773,371
2018-12-04 12:43:44,3250,2842,408
2018-12-04 12:45:46,3422,3009,413
2018-12-04 12:47:48,3922,3462,460
2018-12-04 12:49:51,4293,3753,540
2018-12-04 12:51:55,3315,2928,387
2018-12-04 12:53:57,3483,3032,451
2018-12-04 12:56:00,3198,2846,352
2018-12-04 12:58:03,3541,3115,426
2018-12-04 13:00:06,3269,2928,341
2018-12-04 13:02:08,3177,2841,336
2018-12-04 13:04:11,3400,3045,355
2018-12-04 13:06:14,2960,2663,297
2018-12-04 13:08:18,2699,2436,263
2018-12-04 13:10:23,3015,2699,316
2018-12-04 13:12:26,3040,2703,337
2018-12-04 13:14:31,2732,2439,293
2018-12-04 13:16:35,2798,2484,314
2018-12-04 13:18:39,2733,2422,311
2018-12-04 13:20:43,2658,2371,287
2018-12-04 13:22:47,2871,2549,322
2018-12-04 13:24:51,3242,2803,439
2018-12-04 13:26:54,3064,2674,390
2018-12-04 13:28:58,3222,2820,402
2018-12-04 13:31:02,3269,2865,404
2018-12-04 13:33:06,3325,2909,416
2018-12-04 13:35:11,3425,2977,448
2018-12-04 13:37:15,3130,2729,401
2018-12-04 13:39:19,2951,2586,365
2018-12-04 13:41:22,3650,3168,482
2018-12-04 13:43:25,3676,3199,477
2018-12-04 13:45:29,3780,3259,521
2018-12-04 13:47:32,3893,3357,536
2018-12-04 13:49:36,3776,3268,508
2018-12-04 13:51:40,3437,2998,439
2018-12-04 13:53:45,3208,2800,408
2018-12-04 13:55:49,3097,2702,395
2018-12-04 13:57:53,3104,2726,378
2018-12-04 13:59:56,3022,2655,367
2018-12-04 14:02:00,3502,2998,504
2018-12-04 14:04:04,3142,2743,399
2018-12-04 14:06:07,3109,2718,391
2018-12-04 14:08:11,3015,2624,391
2018-12-04 14:10:15,3180,2784,396
2018-12-04 14:12:19,3968,3536,432
2018-12-04 14:14:24,3203,2825,378
2018-12-04 14:16:27,3377,2974,403
2018-12-04 14:18:32,3802,3338,464
2018-12-04 14:20:36,3582,3174,408
2018-12-04 14:22:41,3514,3094,420
2018-12-04 14:24:45,3410,3012,398
2018-12-04 14:26:49,3991,3556,435
2018-12-04 14:28:54,3712,3182,530
2018-12-04 14:30:59,3387,2959,428
2018-12-04 14:33:03,3869,3418,451
2018-12-04 14:35:09,3295,2889,406
2018-12-04 14:37:13,3308,2891,417
2018-12-04 14:39:17,3277,2890,387
2018-12-04 14:41:21,3375,2970,405
2018-12-04 14:43:26,3322,2930,392
2018-12-04 14:45:30,3329,2904,425
2018-12-04 14:47:35,3353,2950,403
2018-12-04 14:49:39,3412,2970,442
2018-12-04 14:51:43,3400,2995,405
2018-12-04 14:53:47,3429,2942,487
2018-12-04 14:55:50,3721,3257,464
2018-12-04 14:57:54,3525,3105,420
2018-12-04 14:59:58,3568,3136,432
2018-12-04 15:02:01,3744,3313,431
2018-12-04 15:04:06,3435,3015,420
2018-12-04 15:06:10,3268,2899,369
2018-12-04 15:08:15,2970,2658,312
2018-12-04 15:10:20,3065,2737,328
2018-12-04 15:12:24,3085,2744,341
2018-12-04 15:14:28,2844,2555,289
2018-12-04 15:16:32,2917,2613,304
2018-12-04 15:18:36,3126,2775,351
2018-12-04 15:20:39,3204,2841,363
2018-12-04 15:22:45,3582,3060,522
2018-12-04 15:24:49,3369,2987,382
2018-12-04 15:26:54,3282,2920,362
2018-12-04 15:29:00,3380,2982,398
2018-12-04 15:31:03,3249,2905,344
2018-12-04 15:33:09,3861,3359,502
2018-12-04 15:35:15,3370,2996,374
2018-12-04 15:37:17,3359,2982,377
2018-12-04 15:39:21,3539,3092,447
2018-12-04 15:41:25,3285,2898,387
2018-12-04 15:43:27,3481,3099,382
2018-12-04 15:45:31,3274,2903,371
2018-12-04 15:47:34,3248,2872,376
2018-12-04 15:49:38,3145,2788,357
2018-12-04 15:51:41,3233,2856,377
2018-12-04 15:53:44,3081,2743,338
2018-12-04 15:55:47,3098,2753,345
2018-12-04 15:57:49,3158,2805,353
2018-12-04 15:59:51,3556,3159,397
2018-12-04 16:01:56,3380,2965,415
2018-12-04 16:03:58,3267,2869,398
2018-12-04 16:06:02,3455,2945,510
2018-12-04 16:08:06,3424,2984,440
2018-12-04 16:10:08,3322,2926,396
2018-12-04 16:12:11,3408,3013,395
2018-12-04 16:14:14,3502,3085,417
2018-12-04 16:16:17,3322,2939,383
2018-12-04 16:18:20,3434,3024,410
2018-12-04 16:20:22,3303,2912,391
2018-12-04 16:22:26,3255,2881,374
2018-12-04 16:24:28,3833,3417,416
2018-12-04 16:26:32,3193,2834,359
2018-12-04 16:28:37,3043,2722,321
2018-12-04 16:30:41,3029,2719,310
2018-12-04 16:32:45,3179,2773,406
2018-12-04 16:34:48,2727,2470,257
2018-12-04 16:36:52,2780,2484,296
2018-12-04 16:38:55,3795,3394,401
2018-12-04 16:41:01,3548,3118,430
2018-12-04 16:43:05,3627,3141,486
2018-12-04 16:45:09,3520,3096,424
2018-12-04 16:47:13,3759,3304,455
2018-12-04 16:49:17,3482,3076,406
2018-12-04 16:51:21,3441,3044,397
2018-12-04 16:53:26,3272,2885,387
2018-12-04 16:55:30,3455,3044,411
2018-12-04 16:57:35,3394,2947,447
2018-12-04 16:59:40,3294,2930,364
2018-12-04 17:01:44,3292,2925,367
2018-12-04 17:03:48,3268,2918,350
2018-12-04 17:05:51,3220,2858,362
2018-12-04 17:07:56,3116,2724,392
2018-12-04 17:10:01,3683,3184,499
2018-12-04 17:12:06,3226,2823,403
2018-12-04 17:14:10,3119,2746,373
2018-12-04 17:16:14,3219,2822,397
2018-12-04 17:18:18,3571,3095,476
2018-12-04 17:20:21,3222,2849,373
2018-12-04 17:22:25,3339,2927,412
2018-12-04 17:24:28,3216,2835,381
2018-12-04 17:26:32,3316,2920,396
2018-12-04 17:28:35,3056,2689,367
2018-12-04 17:30:39,2868,2547,321
2018-12-04 17:32:43,3017,2658,359
2018-12-04 17:34:47,3117,2746,371
2018-12-04 17:36:51,3269,2841,428
2018-12-04 17:39:00,3249,2850,399
2018-12-04 17:41:04,3244,2831,413
2018-12-04 17:43:08,3339,2917,422
2018-12-04 17:45:11,3172,2782,390
2018-12-04 17:47:15,3930,3448,482
2018-12-04 17:49:19,3215,2824,391
2018-12-04 17:51:22,3169,2773,396
2018-12-04 17:53:26,3660,3097,563
2018-12-04 17:55:30,3293,2881,412
2018-12-04 17:57:34,3204,2821,383
2018-12-04 17:59:39,3370,2969,401
2018-12-04 18:01:43,3333,2938,395
2018-12-04 18:03:46,3268,2899,369
2018-12-04 18:05:50,3300,2888,412
2018-12-04 18:07:54,3229,2842,387
2018-12-04 18:09:57,3450,3074,376
2018-12-04 18:12:01,2975,2640,335
2018-12-04 18:14:06,3051,2709,342
2018-12-04 18:16:10,3211,2851,360
2018-12-04 18:18:15,3232,2834,398
2018-12-04 18:20:18,3353,2984,369
2018-12-04 18:22:22,3258,2851,407
2018-12-04 18:24:25,3370,2890,480
2018-12-04 18:26:28,3360,2909,451
2018-12-04 18:28:32,3412,2929,483
2018-12-04 18:30:37,3229,2784,445
2018-12-04 18:32:40,3169,2752,417
2018-12-04 18:34:44,3302,2854,448
2018-12-04 18:36:48,3820,3292,528
2018-12-04 18:38:53,3213,2804,409
2018-12-04 18:40:55,3715,3260,455
2018-12-04 18:42:59,3280,2881,399
2018-12-04 18:45:02,3080,2721,359
2018-12-04 18:47:05,3033,2689,344
2018-12-04 18:49:08,3204,2835,369
2018-12-04 18:51:11,3248,2887,361
2018-12-04 18:53:15,3086,2742,344
2018-12-04 18:55:18,3221,2843,378
2018-12-04 18:57:22,2952,2618,334
2018-12-04 18:59:26,3230,2856,374
2018-12-04 19:01:29,3157,2806,351
2018-12-04 19:03:32,3840,3331,509
2018-12-04 19:05:35,3028,2707,321
2018-12-04 19:07:38,3143,2797,346
2018-12-04 19:09:41,3060,2720,340
2018-12-04 19:11:43,3213,2852,361
2018-12-04 19:13:46,3154,2780,374
2018-12-04 19:15:48,3238,2815,423
2018-12-04 19:17:51,3157,2761,396
2018-12-04 19:19:54,3132,2757,375
2018-12-04 19:21:56,3161,2785,376
2018-12-04 19:23:59,3109,2722,387
2018-12-04 19:26:01,3258,2868,390
2018-12-04 19:28:04,3245,2854,391
2018-12-04 19:30:07,3524,3062,462
2018-12-04 19:32:09,3499,3084,415
2018-12-04 19:34:11,3385,2968,417
2018-12-04 19:36:13,3380,2988,392
2018-12-04 19:38:15,3930,3485,445
2018-12-04 19:40:19,3531,3108,423
2018-12-04 19:42:22,3551,3132,419
2018-12-04 19:44:24,3275,2902,373
2018-12-04 19:46:26,3684,3169,515
2018-12-04 19:48:28,3328,2924,404
2018-12-04 19:50:31,3204,2820,384
2018-12-04 19:52:35,3077,2711,366
2018-12-04 19:54:38,3416,2997,419
2018-12-04 19:56:40,3324,2912,412
2018-12-04 19:58:43,3227,2833,394
2018-12-04 20:00:46,3259,2861,398
2018-12-04 20:02:48,3434,2997,437
2018-12-04 20:04:52,3167,2807,360
2018-12-04 20:06:55,3186,2822,364
2018-12-04 20:08:57,2918,2584,334
2018-12-04 20:11:00,2850,2525,325
2018-12-04 20:13:02,3343,2783,560
2018-12-04 20:15:06,2945,2601,344
2018-12-04 20:17:08,2966,2600,366
2018-12-04 20:19:11,2953,2590,363
2018-12-04 20:21:14,3193,2808,385
2018-12-04 20:23:18,3232,2841,391
2018-12-04 20:25:21,3427,2953,474
2018-12-04 20:27:23,3329,2896,433
2018-12-04 20:29:26,3290,2851,439
2018-12-04 20:31:29,3197,2796,401
2018-12-04 20:33:32,3432,2972,460
2018-12-04 20:35:35,3287,2882,405
2018-12-04 20:37:37,3159,2777,382
2018-12-04 20:39:40,3798,3316,482
2018-12-04 20:41:44,3501,3078,423
2018-12-04 20:43:47,3495,3063,432
2018-12-04 20:45:50,3921,3351,570
2018-12-04 20:47:53,3614,3159,455
2018-12-04 20:49:56,3141,2763,378
2018-12-04 20:51:58,3594,3122,472
2018-12-04 20:54:01,3446,3030,416
2018-12-04 20:56:05,3401,2994,407
2018-12-04 20:58:09,3491,3051,440
2018-12-04 21:00:11,3613,3167,446
2018-12-04 21:02:14,3428,3017,411
2018-12-04 21:04:18,3330,2936,394
2018-12-04 21:06:21,3548,3140,408
2018-12-04 21:08:24,3421,3022,399
2018-12-04 21:10:26,3396,2995,401
2018-12-04 21:12:29,3537,3086,451
2018-12-04 21:14:32,3476,3086,390
2018-12-04 21:16:35,3317,2937,380
2018-12-04 21:18:38,3064,2745,319
2018-12-04 21:20:40,3206,2866,340
2018-12-04 21:22:43,3346,2940,406
2018-12-04 21:24:46,3219,2825,394
2018-12-04 21:26:49,3328,2858,470
2018-12-04 21:28:52,3172,2750,422
2018-12-04 21:30:55,3061,2671,390
2018-12-04 21:32:58,2635,2334,301
2018-12-04 21:35:01,3355,2957,398
2018-12-04 21:37:04,2842,2505,337
2018-12-04 21:39:07,3162,2725,437
2018-12-04 21:41:10,3082,2687,395
2018-12-04 21:43:13,2987,2601,386
2018-12-04 21:45:16,2931,2575,356
2018-12-04 21:47:18,3402,2978,424
2018-12-04 21:49:21,3247,2805,442
2018-12-04 21:51:24,3132,2750,382
2018-12-04 21:53:26,3335,2905,430
2018-12-04 21:55:29,3065,2734,331
2018-12-04 21:57:31,3714,3316,398
2018-12-04 21:59:36,3129,2774,355
2018-12-04 22:01:39,4005,3425,580
2018-12-04 22:03:42,3337,2906,431
2018-12-04 22:05:46,3259,2848,411
2018-12-04 22:07:50,4003,3526,477
2018-12-04 22:09:53,3451,3025,426
2018-12-04 22:11:55,3562,3100,462
2018-12-04 22:14:00,3393,2994,399
2018-12-04 22:16:02,3530,3041,489
2018-12-04 22:18:05,3323,2867,456
2018-12-04 22:20:07,3456,3042,414
2018-12-04 22:22:09,3199,2803,396
2018-12-04 22:24:11,3242,2849,393
2018-12-04 22:26:13,3439,3003,436
2018-12-04 22:28:15,3631,3131,500
2018-12-04 22:30:18,3197,2810,387
2018-12-04 22:32:20,3328,2911,417
2018-12-04 22:34:23,4183,3693,490
2018-12-04 22:36:26,3141,2765,376
2018-12-04 22:38:28,3161,2782,379
2018-12-04 22:40:31,3217,2832,385
2018-12-04 22:42:34,3397,2976,421
2018-12-04 22:44:36,3232,2846,386
2018-12-04 22:46:39,3753,3327,426
2018-12-04 22:48:41,3195,2803,392
2018-12-04 22:50:44,3015,2645,370
2018-12-04 22:52:46,3019,2656,363
2018-12-04 22:54:47,3445,3005,440
2018-12-04 22:56:50,3273,2894,379
2018-12-04 22:58:52,3445,2999,446
2018-12-04 23:00:55,4110,3596,514
2018-12-04 23:02:58,3544,3124,420
2018-12-04 23:05:01,3499,3104,395
2018-12-04 23:07:04,3400,3020,380
2018-12-04 23:09:07,3444,3045,399
2018-12-04 23:11:09,3120,2764,356
2018-12-04 23:13:13,3198,2810,388
2018-12-04 23:15:15,3559,3121,438
2018-12-04 23:17:20,3612,3050,562
2018-12-04 23:19:23,3262,2831,431
2018-12-04 23:21:25,3548,3033,515
2018-12-04 23:23:28,3329,2883,446
2018-12-04 23:25:31,3183,2769,414
2018-12-04 23:27:35,3183,2770,413
2018-12-04 23:29:37,3135,2725,410
2018-12-04 23:31:41,3699,3261,438
2018-12-04 23:33:44,3280,2867,413
2018-12-04 23:35:47,3303,2860,443
2018-12-04 23:37:50,3512,3023,489
2018-12-04 23:39:54,3446,2976,470
2018-12-04 23:41:58,3328,2868,460
2018-12-04 23:44:00,3726,3003,723
2018-12-04 23:46:03,3338,2879,459
2018-12-04 23:48:06,3588,3109,479
2018-12-04 23:50:09,4161,3569,592
2018-12-04 23:52:12,3848,3232,616
2018-12-04 23:54:15,3544,3054,490
2018-12-04 23:56:18,3555,3080,475
2018-12-04 23:58:22,3345,2898,447
2018-12-05 00:00:25,3384,2935,449
2018-12-05 00:02:27,3396,2930,466
2018-12-05 00:04:30,3155,2753,402
2018-12-05 00:06:33,3571,3107,464
2018-12-05 00:08:36,3291,2849,442
2018-12-05 00:10:39,3354,2896,458
2018-12-05 00:12:42,3341,2876,465
2018-12-05 00:14:44,3336,2868,468
2018-12-05 00:16:47,3965,3424,541
2018-12-05 00:18:52,3443,2972,471
2018-12-05 00:20:54,3331,2870,461
2018-12-05 00:22:58,3307,2854,453
2018-12-05 00:25:01,3910,3372,538
2018-12-05 00:27:05,3772,3233,539
2018-12-05 00:29:08,3539,3017,522
2018-12-05 00:31:10,3593,3032,561
2018-12-05 00:33:14,3308,2883,425
2018-12-05 00:35:16,3334,2885,449
2018-12-05 00:37:20,3203,2786,417
2018-12-05 00:39:24,4781,4265,516
2018-12-05 00:41:27,3814,3311,503
2018-12-05 00:43:29,3846,3363,483
2018-12-05 00:45:33,3830,3349,481
2018-12-05 00:47:37,3610,3160,450
2018-12-05 00:49:39,3349,2961,388
2018-12-05 00:51:41,3084,2733,351
2018-12-05 00:53:43,2978,2550,428
2018-12-05 00:55:46,2680,2389,291
2018-12-05 00:57:48,2725,2416,309
2018-12-05 00:59:50,2911,2589,322
2018-12-05 01:01:52,3085,2728,357
2018-12-05 01:03:54,3137,2788,349
2018-12-05 01:05:57,3264,2897,367
2018-12-05 01:08:00,3379,2994,385
2018-12-05 01:10:02,3292,2926,366
2018-12-05 01:12:05,3059,2726,333
2018-12-05 01:14:08,3026,2696,330
2018-12-05 01:16:11,3117,2718,399
2018-12-05 01:18:14,3247,2861,386
2018-12-05 01:20:17,3571,3108,463
2018-12-05 01:22:20,3157,2791,366
2018-12-05 01:24:22,3477,3060,417
2018-12-05 01:26:25,3474,3042,432
2018-12-05 01:28:28,3244,2850,394
2018-12-05 01:30:31,3145,2758,387
2018-12-05 01:32:34,3586,3181,405
2018-12-05 01:34:38,2985,2640,345
2018-12-05 01:36:42,3465,2975,490
2018-12-05 01:38:46,2886,2567,319
2018-12-05 01:40:50,3139,2793,346
2018-12-05 01:42:54,2988,2653,335
2018-12-05 01:44:56,3110,2736,374
2018-12-05 01:46:59,3189,2810,379
2018-12-05 01:49:01,3435,3042,393
2018-12-05 01:51:06,3270,2894,376
2018-12-05 01:53:08,3220,2845,375
2018-12-05 01:55:10,3536,3084,452
2018-12-05 01:57:13,3504,3051,453
2018-12-05 01:59:16,3343,2932,411
2018-12-05 02:01:18,3471,2969,502
2018-12-05 02:03:22,3752,3272,480
2018-12-05 02:05:35,3871,3400,471
2018-12-05 02:07:39,3615,3164,451
2018-12-05 02:09:43,3780,3283,497
2018-12-05 02:11:46,3505,3095,410
2018-12-05 02:13:49,3746,3257,489
2018-12-05 02:15:53,3465,3064,401
2018-12-05 02:17:55,3326,2958,368
2018-12-05 02:19:58,3429,3038,391
2018-12-05 02:22:01,3417,2980,437
2018-12-05 02:24:04,3524,3035,489
2018-12-05 02:26:08,3347,2924,423
2018-12-05 02:28:11,3382,2953,429
2018-12-05 02:30:14,3386,2932,454
2018-12-05 02:32:17,3525,3131,394
2018-12-05 02:34:21,3728,3266,462
2018-12-05 02:36:24,3517,3057,460
2018-12-05 02:38:27,3234,2873,361
2018-12-05 02:40:30,3355,2968,387
2018-12-05 02:42:32,3343,2942,401
2018-12-05 02:44:35,3213,2826,387
2018-12-05 02:46:37,3247,2837,410
2018-12-05 02:48:41,3318,2889,429
2018-12-05 02:50:44,3585,3101,484
2018-12-05 02:52:48,4094,3413,681
2018-12-05 02:54:51,3351,2884,467
2018-12-05 02:56:55,3339,2882,457
2018-12-05 02:58:58,3284,2854,430
2018-12-05 03:01:01,3230,2789,441
2018-12-05 03:03:06,3109,2731,378
2018-12-05 03:05:09,3493,3051,442
2018-12-05 03:07:11,3279,2831,448
2018-12-05 03:09:14,3117,2736,381
2018-12-05 03:11:18,3267,2855,412
2018-12-05 03:13:21,3263,2804,459
2018-12-05 03:15:23,3218,2809,409
2018-12-05 03:17:26,3182,2787,395
2018-12-05 03:19:28,4110,3481,629
2018-12-05 03:21:32,3270,2847,423
2018-12-05 03:23:34,3279,2862,417
2018-12-05 03:25:37,3497,3045,452
2018-12-05 03:27:41,3655,3143,512
2018-12-05 03:29:44,4481,3806,675
2018-12-05 03:31:47,3581,3154,427
2018-12-05 03:33:51,3650,3206,444
2018-12-05 03:35:54,4296,3703,593
2018-12-05 03:37:57,4440,3894,546
2018-12-05 03:39:59,4753,4115,638
2018-12-05 03:42:01,6174,5069,1105
2018-12-05 03:44:04,4978,4223,755
2018-12-05 03:46:07,8104,5988,2116
2018-12-05 03:48:11,4825,4077,748
2018-12-05 03:50:13,5553,4564,989
2018-12-05 03:52:16,5242,4347,895
2018-12-05 03:54:19,5340,4346,994
2018-12-05 03:56:24,4864,4097,767
2018-12-05 03:58:27,4583,3884,699
2018-12-05 04:00:31,4244,3647,597
2018-12-05 04:02:38,4211,3490,721
2018-12-05 04:04:41,12873,8058,4815
2018-12-05 04:06:55,10819,8161,2658
2018-12-05 04:09:04,10222,6681,3541
2018-12-05 04:11:10,8494,6119,2375
2018-12-05 04:13:18,14131,9478,4653
2018-12-05 04:15:29,10422,7121,3301
2018-12-05 04:17:37,9066,6468,2598
2018-12-05 04:19:44,9469,6341,3128
2018-12-05 04:21:51,12016,7466,4550
2018-12-05 04:24:00,11032,7558,3474
2018-12-05 04:26:10,11601,7506,4095
2018-12-05 04:28:17,12659,8222,4437
2018-12-05 04:30:28,13544,9309,4235
2018-12-05 04:32:37,10992,7742,3250
2018-12-05 04:34:43,11809,8907,2902
2018-12-05 04:36:51,12388,8306,4082
2018-12-05 04:39:01,9518,6590,2928
2018-12-05 04:41:09,10189,6923,3266
2018-12-05 04:43:19,9135,6838,2297
2018-12-05 04:45:27,11094,8064,3030
2018-12-05 04:47:34,11827,7953,3874
2018-12-05 04:49:42,9043,6539,2504
2018-12-05 04:51:48,11236,7994,3242
2018-12-05 04:53:54,7907,5552,2355
2018-12-05 04:55:57,10866,7438,3428
2018-12-05 04:58:04,9964,7575,2389
2018-12-05 05:00:09,9528,5994,3534
2018-12-05 05:02:14,10152,7396,2756
2018-12-05 05:04:18,10214,6773,3441
2018-12-05 05:06:23,11992,8030,3962
2018-12-05 05:08:32,10574,7503,3071
2018-12-05 05:10:38,14759,9130,5629
2018-12-05 05:13:01,10901,7579,3322
2018-12-05 05:15:12,13813,8760,5053
2018-12-05 05:17:22,12058,8855,3203
2018-12-05 05:19:30,11789,7846,3943
2018-12-05 05:21:37,10888,7252,3636
2018-12-05 05:23:46,9213,6338,2875
2018-12-05 05:25:53,12002,7563,4439
2018-12-05 05:28:09,8292,6182,2110
2018-12-05 05:30:15,12496,7537,4959
2018-12-05 05:32:23,13422,8794,4628
2018-12-05 05:34:34,12218,7796,4422
2018-12-05 05:36:42,7085,5264,1821
2018-12-05 05:38:49,10021,7583,2438
2018-12-05 05:40:54,10620,8079,2541
2018-12-05 05:43:02,10042,7305,2737
2018-12-05 05:45:09,9808,6813,2995
2018-12-05 05:47:17,10301,6712,3589
2018-12-05 05:49:24,12781,8476,4305
2018-12-05 05:51:34,8890,6405,2485
2018-12-05 05:53:40,9170,6569,2601
2018-12-05 05:55:46,7688,5949,1739
2018-12-05 05:57:51,10680,7258,3422
2018-12-05 05:59:58,10329,6949,3380
2018-12-05 06:02:08,9497,7133,2364
2018-12-05 06:04:13,8697,6529,2168
2018-12-05 06:06:17,11041,7232,3809
2018-12-05 06:08:23,9660,6723,2937
2018-12-05 06:10:27,12052,8010,4042
2018-12-05 06:12:33,10503,7569,2934
2018-12-05 06:14:40,13358,8508,4850
2018-12-05 06:16:46,12458,8223,4235
2018-12-05 06:18:56,11870,7544,4326
2018-12-05 06:21:08,12579,8445,4134
2018-12-05 06:23:20,11902,7447,4455
2018-12-05 06:25:27,11293,7659,3634
2018-12-05 06:27:37,11703,7755,3948
2018-12-05 06:29:45,10921,7314,3607
2018-12-05 06:31:53,9856,6805,3051
2018-12-05 06:33:59,12000,8123,3877
2018-12-05 06:36:07,12834,8468,4366
2018-12-05 06:38:16,12280,8378,3902
2018-12-05 06:40:24,11969,7525,4444
2018-12-05 06:42:33,11603,8365,3238
2018-12-05 06:44:41,10469,6973,3496
2018-12-05 06:46:47,9624,6825,2799
2018-12-05 06:48:53,8546,6331,2215
2018-12-05 06:50:59,13684,9540,4144
2018-12-05 06:53:08,12712,8299,4413
2018-12-05 06:55:18,13419,8467,4952
2018-12-05 06:57:30,14290,9162,5128
2018-12-05 07:01:51,11159,8139,3020
2018-12-05 07:03:59,11988,8538,3450
2018-12-05 07:06:06,10492,6391,4101
2018-12-05 07:08:15,5093,4284,809
2018-12-05 07:10:19,5183,4302,881
2018-12-05 07:12:21,4952,4213,739
2018-12-05 07:14:24,4805,4100,705
2018-12-05 07:16:26,4428,3824,604
2018-12-05 07:18:29,3861,3386,475
2018-12-05 07:20:31,4173,3661,512
2018-12-05 07:22:34,3729,3279,450
2018-12-05 07:24:37,3912,3445,467
2018-12-05 07:26:39,3547,3090,457
2018-12-05 07:28:43,3680,3189,491
2018-12-05 07:30:45,3589,3100,489
2018-12-05 07:32:49,3476,2993,483
2018-12-05 07:34:52,3332,2880,452
2018-12-05 07:36:56,3403,2931,472
2018-12-05 07:38:58,3232,2757,475
2018-12-05 07:41:02,3505,2991,514
2018-12-05 07:43:05,3577,3031,546
2018-12-05 07:45:08,3244,2819,425
2018-12-05 07:47:11,3047,2657,390
2018-12-05 07:49:14,3213,2761,452
2018-12-05 07:51:17,3275,2840,435
2018-12-05 07:53:19,3131,2705,426
2018-12-05 07:55:23,3221,2800,421
2018-12-05 07:57:25,3368,2858,510
2018-12-05 07:59:28,3408,2875,533
2018-12-05 08:01:31,3313,2844,469
2018-12-05 08:03:34,3325,2890,435
2018-12-05 08:05:41,3157,2778,379
2018-12-05 08:07:45,3247,2846,401
2018-12-05 08:09:48,3505,3091,414
2018-12-05 08:11:51,3468,3001,467
2018-12-05 08:13:54,3942,3454,488
2018-12-05 08:15:58,3163,2786,377
2018-12-05 08:18:00,3701,3214,487
2018-12-05 08:20:03,3492,3006,486
2018-12-05 08:22:06,3433,2987,446
2018-12-05 08:24:09,3353,2938,415
2018-12-05 08:26:11,3437,3019,418
2018-12-05 08:28:13,3695,3191,504
2018-12-05 08:30:15,3389,2960,429
2018-12-05 08:32:17,3250,2840,410
2018-12-05 08:34:19,3238,2825,413
2018-12-05 08:36:21,3173,2770,403
2018-12-05 08:38:24,3290,2809,481
2018-12-05 08:40:27,3626,3155,471
2018-12-05 08:42:29,3757,3246,511
2018-12-05 08:44:32,3974,3414,560
2018-12-05 08:46:35,3812,3307,505
2018-12-05 08:48:37,4098,3565,533
2018-12-05 08:50:41,3544,3090,454
2018-12-05 08:52:45,3227,2841,386
2018-12-05 08:54:47,3522,3066,456
2018-12-05 08:56:50,3205,2813,392
2018-12-05 08:58:53,3288,2905,383
2018-12-05 09:00:55,3151,2824,327
2018-12-05 09:02:58,3817,3364,453
2018-12-05 09:05:01,3575,3120,455
2018-12-05 09:07:04,3650,3161,489
2018-12-05 09:09:07,3368,2949,419
2018-12-05 09:11:11,3541,3086,455
2018-12-05 09:13:15,3173,2769,404
2018-12-05 09:15:17,3150,2750,400
2018-12-05 09:17:20,3103,2714,389
2018-12-05 09:19:25,3050,2673,377
2018-12-05 09:21:27,4184,3508,676
2018-12-05 09:23:30,3691,3266,425
2018-12-05 09:25:33,3188,2791,397
2018-12-05 09:27:36,3367,2924,443
2018-12-05 09:29:39,3417,2970,447
2018-12-05 09:31:41,3135,2753,382
2018-12-05 09:33:43,3124,2742,382
2018-12-05 09:35:45,3668,3220,448
2018-12-05 09:37:48,3121,2727,394
2018-12-05 09:39:50,3012,2646,366
2018-12-05 09:41:52,3149,2755,394
2018-12-05 09:43:54,3094,2711,383
2018-12-05 09:45:56,2932,2589,343
2018-12-05 09:47:59,3467,3066,401
2018-12-05 09:50:03,3045,2658,387
2018-12-05 09:52:06,2932,2591,341
2018-12-05 09:54:08,3013,2697,316
2018-12-05 09:56:12,2995,2644,351
2018-12-05 09:58:14,3402,2957,445
2018-12-05 10:00:17,3492,3040,452
2018-12-05 10:02:20,3866,3352,514
2018-12-05 10:04:23,4116,3583,533
2018-12-05 10:06:25,3531,3097,434
2018-12-05 10:08:28,3640,3179,461
2018-12-05 10:10:30,3528,3086,442
2018-12-05 10:12:33,3495,3059,436
2018-12-05 10:14:34,3501,3030,471
2018-12-05 10:16:36,3342,2947,395
2018-12-05 10:18:39,3301,2898,403
2018-12-05 10:20:41,3885,3286,599
2018-12-05 10:22:43,3084,2711,373
2018-12-05 10:24:45,3249,2819,430
2018-12-05 10:26:47,3215,2809,406
2018-12-05 10:28:50,3289,2815,474
2018-12-05 10:30:53,3177,2765,412
2018-12-05 10:32:56,3125,2727,398
2018-12-05 10:34:59,3462,3021,441
2018-12-05 10:37:03,3248,2815,433
2018-12-05 10:39:05,2939,2576,363
2018-12-05 10:41:08,3096,2699,397
2018-12-05 10:43:11,3653,3139,514
2018-12-05 10:45:14,3416,2954,462
2018-12-05 10:47:16,3715,3178,537
2018-12-05 10:49:19,3441,3001,440
2018-12-05 10:51:23,3417,2988,429
2018-12-05 10:53:25,3574,3073,501
2018-12-05 10:55:26,3587,3100,487
2018-12-05 10:57:28,3614,3028,586
2018-12-05 10:59:31,3959,3427,532
2018-12-05 11:01:34,3610,3049,561
2018-12-05 11:03:37,3302,2871,431
2018-12-05 11:05:39,3864,3351,513
2018-12-05 11:07:42,3276,2833,443
2018-12-05 11:09:46,3535,3065,470
2018-12-05 11:11:48,3187,2773,414
2018-12-05 11:13:51,3126,2731,395
2018-12-05 11:15:54,3779,3293,486
2018-12-05 11:17:58,3008,2633,375
2018-12-05 11:20:00,3016,2631,385
2018-12-05 11:22:03,3144,2691,453
2018-12-05 11:24:06,3192,2703,489
2018-12-05 11:26:09,3131,2626,505
2018-12-05 11:28:12,2948,2488,460
2018-12-05 11:30:14,2998,2519,479
2018-12-05 11:32:16,2960,2460,500
2018-12-05 11:34:18,2700,2298,402
2018-12-05 11:36:20,3412,2861,551
2018-12-05 11:38:22,2858,2444,414
2018-12-05 11:40:23,3016,2577,439
2018-12-05 11:42:25,3339,2786,553
2018-12-05 11:44:28,3143,2690,453
2018-12-05 11:46:30,3061,2622,439
2018-12-05 11:48:33,3057,2645,412
2018-12-05 11:50:35,3343,2859,484
2018-12-05 11:52:37,3245,2807,438
2018-12-05 11:54:40,3221,2785,436
2018-12-05 11:56:44,4009,3492,517
2018-12-05 11:58:48,3290,2822,468
2018-12-05 12:00:50,3346,2845,501
2018-12-05 12:02:54,3570,3037,533
2018-12-05 12:04:56,3277,2833,444
2018-12-05 12:07:00,3187,2752,435
2018-12-05 12:09:02,3518,3060,458
2018-12-05 12:11:05,3221,2795,426
2018-12-05 12:13:07,3338,2925,413
2018-12-05 12:15:09,3235,2827,408
2018-12-05 12:17:12,3266,2844,422
2018-12-05 12:19:14,3716,3188,528
2018-12-05 12:21:16,3353,2949,404
2018-12-05 12:23:18,3422,2989,433
2018-12-05 12:25:21,3765,3301,464
2018-12-05 12:27:23,3177,2793,384
2018-12-05 12:29:26,3700,3250,450
2018-12-05 12:31:29,3354,2938,416
2018-12-05 12:33:32,3578,3092,486
2018-12-05 12:35:34,3450,3012,438
2018-12-05 12:37:36,3513,3051,462
2018-12-05 12:39:39,4163,3582,581
2018-12-05 12:41:41,4018,3402,616
2018-12-05 13:00:58,3789,3287,502
2018-12-05 13:03:01,3567,3058,509
2018-12-05 13:05:03,3497,3028,469
2018-12-05 13:07:04,3175,2772,403
2018-12-05 13:09:06,3571,3080,491
2018-12-05 13:11:09,3226,2829,397
2018-12-05 13:13:12,3278,2880,398
2018-12-05 13:15:14,3296,2898,398
2018-12-05 13:17:17,3513,3111,402
2018-12-05 13:19:20,3584,3169,415
2018-12-05 13:21:23,3560,3136,424
2018-12-05 13:23:27,3612,3172,440
2018-12-05 13:25:30,3517,3097,420
2018-12-05 13:27:34,3536,3103,433
2018-12-05 13:29:37,3841,3213,628
2018-12-05 13:31:39,3452,3009,443
2018-12-05 13:33:41,3336,2929,407
2018-12-05 13:35:43,3374,2965,409
2018-12-05 13:37:46,3409,3001,408
2018-12-05 13:39:48,3170,2803,367
2018-12-05 13:41:51,3323,2914,409
2018-12-05 13:43:54,3336,2926,410
2018-12-05 13:45:56,3520,3056,464
2018-12-05 13:48:00,3082,2673,409
2018-12-05 13:50:03,3307,2850,457
2018-12-05 13:52:06,3327,2878,449
2018-12-05 13:54:09,3655,2999,656
2018-12-05 13:56:12,3342,2842,500
2018-12-05 13:58:15,3222,2784,438
2018-12-05 14:00:18,3453,2947,506
2018-12-05 14:02:20,3335,2887,448
2018-12-05 14:04:23,3208,2769,439
2018-12-05 14:06:26,3067,2660,407
2018-12-05 14:08:29,3124,2718,406
2018-12-05 14:10:32,3008,2628,380
2018-12-05 14:12:34,3381,2936,445
2018-12-05 14:14:37,3190,2784,406
2018-12-05 14:16:39,3451,2995,456
2018-12-05 14:18:42,3470,3004,466
2018-12-05 14:20:45,3853,3316,537
2018-12-05 14:22:49,3795,3210,585
2018-12-05 14:24:51,3344,2889,455
2018-12-05 14:26:54,3180,2769,411
2018-12-05 14:28:57,3248,2831,417
2018-12-05 14:31:00,3016,2648,368
2018-12-05 14:33:03,3045,2647,398
2018-12-05 14:35:05,3129,2734,395
2018-12-05 14:37:09,3448,3000,448
2018-12-05 14:39:12,3262,2845,417
2018-12-05 14:41:15,3292,2873,419
2018-12-05 14:43:18,3025,2660,365
2018-12-05 14:45:21,2984,2627,357
2018-12-05 14:47:23,3033,2660,373
2018-12-05 14:49:26,3303,2853,450
2018-12-05 14:51:28,3240,2828,412
2018-12-05 14:53:31,3317,2890,427
2018-12-05 14:55:34,3239,2812,427
2018-12-05 14:57:37,3434,2995,439
2018-12-05 14:59:40,3080,2684,396
2018-12-05 15:01:42,3240,2812,428
2018-12-05 15:03:46,3800,3324,476
2018-12-05 15:05:50,4670,4064,606
2018-12-05 15:07:54,4538,3924,614
2018-12-05 15:09:58,4089,3493,596
2018-12-05 15:12:02,4261,3599,662
2018-12-05 15:14:05,4063,3523,540
2018-12-05 15:16:08,4002,3467,535
2018-12-05 15:18:12,3687,3241,446
2018-12-05 15:20:16,3770,3310,460
2018-12-05 15:22:21,3782,3325,457
2018-12-05 15:24:24,3504,3099,405
2018-12-05 15:26:27,3524,3079,445
2018-12-05 15:28:30,3476,3003,473
2018-12-05 15:30:33,3250,2857,393
2018-12-05 15:32:36,4056,3402,654
2018-12-05 15:34:39,3124,2767,357
2018-12-05 15:36:42,3748,3293,455
2018-12-05 15:38:44,3188,2804,384
2018-12-05 15:40:47,3150,2772,378
2018-12-05 15:42:49,3246,2846,400
2018-12-05 15:44:52,3303,2866,437
2018-12-05 15:46:54,3434,2983,451
2018-12-05 15:48:57,3406,2959,447
2018-12-05 15:50:59,3655,3168,487
2018-12-05 15:53:01,3340,2909,431
2018-12-05 15:55:04,3336,2937,399
2018-12-05 15:57:06,3094,2716,378
2018-12-05 15:59:09,3348,2844,504
2018-12-05 16:01:10,2941,2620,321
2018-12-05 16:03:12,3030,2683,347
2018-12-05 16:05:33,3146,2745,401
2018-12-05 16:07:35,3089,2704,385
2018-12-05 16:09:37,2985,2632,353
2018-12-05 16:11:38,3186,2741,445
2018-12-05 16:13:40,3317,2875,442
2018-12-05 16:15:42,3424,2929,495
2018-12-05 16:17:45,3350,2860,490
2018-12-05 16:19:47,3187,2755,432
2018-12-05 16:21:49,3479,2986,493
2018-12-05 16:23:52,3449,2990,459
2018-12-05 16:25:53,3667,3086,581
2018-12-05 16:27:56,3455,2962,493
2018-12-05 16:30:00,3292,2815,477
2018-12-05 16:32:02,3346,2853,493
2018-12-05 16:34:05,3537,2993,544
2018-12-05 16:36:07,3334,2860,474
2018-12-05 16:38:10,3468,2935,533
2018-12-05 16:40:13,3955,3388,567
2018-12-05 16:42:15,4701,3825,876
2018-12-05 16:44:18,4112,3501,611
2018-12-05 16:46:20,4124,3536,588
2018-12-05 16:48:22,4221,3529,692
2018-12-05 16:50:24,3664,3196,468
2018-12-05 16:52:29,3880,3187,693
2018-12-05 16:54:32,3411,2998,413
2018-12-05 16:56:34,3465,3052,413
2018-12-05 16:58:37,3544,3114,430
2018-12-05 17:00:39,3507,3079,428
2018-12-05 17:02:43,3384,2963,421
2018-12-05 17:04:46,3907,3363,544
2018-12-05 17:06:49,3368,2950,418
2018-12-05 17:08:52,3572,3080,492
2018-12-05 17:10:54,3534,3058,476
2018-12-05 17:12:56,3834,3305,529
2018-12-05 17:14:59,3753,3095,658
2018-12-05 17:17:01,3781,3176,605
2018-12-05 17:19:04,3330,2864,466
2018-12-05 17:21:06,3477,2975,502
2018-12-05 17:23:09,3346,2850,496
2018-12-05 17:25:11,3277,2824,453
2018-12-05 17:27:14,3412,2926,486
2018-12-05 17:29:17,3879,3332,547
2018-12-05 17:31:20,3531,3026,505
2018-12-05 17:33:22,3761,3126,635
2018-12-05 17:35:25,4011,3359,652
2018-12-05 17:37:27,3529,2993,536
2018-12-05 17:39:29,3840,3300,540
2018-12-05 17:41:32,3856,3339,517
2018-12-05 17:43:35,3690,3170,520
2018-12-05 17:45:37,3649,3175,474
2018-12-05 17:47:40,3401,2983,418
2018-12-05 17:49:43,3373,2971,402
2018-12-05 17:51:46,3720,3215,505
2018-12-05 17:53:48,3371,2981,390
2018-12-05 17:55:51,3221,2865,356
2018-12-05 17:57:54,3720,3237,483
2018-12-05 17:59:56,3628,3156,472
2018-12-05 18:01:58,3290,2901,389
2018-12-05 18:04:02,3445,3023,422
2018-12-05 18:06:05,3331,2950,381
2018-12-05 18:08:08,3406,3015,391
2018-12-05 18:10:10,3844,3319,525
2018-12-05 18:12:13,3680,3234,446
2018-12-05 18:14:16,3883,3422,461
2018-12-05 18:16:18,3415,3038,377
2018-12-05 18:18:21,3939,3377,562
2018-12-05 18:20:23,3412,3030,382
2018-12-05 18:22:26,3499,3087,412
2018-12-05 18:24:29,3494,3094,400
2018-12-05 18:26:32,3615,3142,473
2018-12-05 18:28:34,3580,3128,452
2018-12-05 18:30:37,3623,3185,438
2018-12-05 18:32:40,3757,3281,476
2018-12-05 18:34:43,3440,3014,426
2018-12-05 18:36:45,3223,2825,398
2018-12-05 18:38:48,3055,2669,386
2018-12-05 18:40:50,2911,2564,347
2018-12-05 18:42:53,3076,2701,375
2018-12-05 18:44:55,3450,2942,508
2018-12-05 18:46:57,3082,2702,380
2018-12-05 18:49:00,3305,2862,443
2018-12-05 18:51:02,3509,3005,504
2018-12-05 18:53:06,3510,3033,477
2018-12-05 18:55:08,3343,2921,422
2018-12-05 18:57:12,3486,3028,458
2018-12-05 18:59:15,3353,2920,433
2018-12-05 19:01:17,3397,2962,435
2018-12-05 19:03:20,3448,3003,445
2018-12-05 19:05:22,3494,3050,444
2018-12-05 19:07:24,3475,3036,439
2018-12-05 19:09:25,3539,3101,438
2018-12-05 19:11:27,3724,3271,453
2018-12-05 19:13:29,3364,2947,417
2018-12-05 19:15:31,3336,2941,395
2018-12-05 19:17:33,3185,2790,395
2018-12-05 19:19:35,3304,2909,395
2018-12-05 19:21:38,3263,2879,384
2018-12-05 19:23:40,3344,2943,401
2018-12-05 19:25:41,3245,2869,376
2018-12-05 19:27:43,3811,3313,498
2018-12-05 19:29:46,3443,3005,438
2018-12-05 19:31:48,3151,2782,369
2018-12-05 19:33:51,3699,3233,466
2018-12-05 19:35:55,4071,3568,503
2018-12-05 19:37:58,3691,3242,449
2018-12-05 19:40:01,4514,4004,510
2018-12-05 19:42:05,3718,3244,474
2018-12-05 19:44:08,3672,3217,455
2018-12-05 19:46:10,3528,3113,415
2018-12-05 19:48:13,3662,3174,488
2018-12-05 19:50:15,3496,3028,468
2018-12-05 19:52:18,3493,3054,439
2018-12-05 19:54:20,3402,2987,415
2018-12-05 19:56:22,3338,2943,395
2018-12-05 19:58:24,3309,2917,392
2018-12-05 20:00:26,3531,3104,427
2018-12-05 20:02:28,4103,3613,490
2018-12-05 20:04:33,3548,3107,441
2018-12-05 20:06:36,3682,3186,496
2018-12-05 20:08:39,3610,3158,452
2018-12-05 20:10:42,3760,3248,512
2018-12-05 20:12:45,3379,2933,446
2018-12-05 20:14:47,3482,3072,410
2018-12-05 20:16:52,3289,2923,366
2018-12-05 20:18:56,3305,2931,374
2018-12-05 20:21:00,3491,3051,440
2018-12-05 20:23:04,3757,3259,498
2018-12-05 20:25:07,3743,3304,439
2018-12-05 20:27:10,4731,4149,582
2018-12-05 20:29:14,3480,3054,426
2018-12-05 20:31:17,4378,3892,486
2018-12-05 20:33:23,3603,3169,434
2018-12-05 20:35:26,4375,3837,538
2018-12-05 20:37:29,3829,3309,520
2018-12-05 20:39:31,4361,3736,625
2018-12-05 20:41:36,3977,3491,486
2018-12-05 20:43:38,3889,3426,463
2018-12-05 20:45:41,3921,3462,459
2018-12-05 20:47:43,3901,3442,459
2018-12-05 20:49:47,3445,3052,393
2018-12-05 20:51:50,3536,3068,468
2018-12-05 20:53:52,4276,3726,550
2018-12-05 20:55:55,3290,2907,383
2018-12-05 20:57:59,3461,3026,435
2018-12-05 21:00:01,3533,3085,448
2018-12-05 21:02:05,3684,3149,535
2018-12-05 21:04:08,3165,2767,398
2018-12-05 21:06:11,4290,3849,441
2018-12-05 21:08:16,3642,3126,516
2018-12-05 21:10:20,3375,2921,454
2018-12-05 21:12:23,3478,2978,500
2018-12-05 21:14:26,3798,3242,556
2018-12-05 21:16:31,3571,3067,504
2018-12-05 21:18:36,3313,2863,450
2018-12-05 21:20:39,3722,3236,486
2018-12-05 21:22:42,3289,2843,446
2018-12-05 21:24:44,3262,2842,420
2018-12-05 21:26:47,3177,2767,410
2018-12-05 21:28:50,3679,3226,453
2018-12-05 21:30:54,3327,2926,401
2018-12-05 21:32:57,3864,3299,565
2018-12-05 21:35:00,3222,2848,374
2018-12-05 21:37:03,3325,2927,398
2018-12-05 21:39:07,4122,3652,470
2018-12-05 21:41:11,3517,3081,436
2018-12-05 21:43:14,3912,3464,448
2018-12-05 21:45:17,3541,3137,404
2018-12-05 21:47:20,4035,3560,475
2018-12-05 21:49:24,3550,3129,421
2018-12-05 21:51:27,3416,3000,416
2018-12-05 21:53:30,3931,3415,516
2018-12-05 21:55:36,3368,2939,429
2018-12-05 21:57:39,3361,2921,440
2018-12-05 21:59:42,4112,3484,628
2018-12-05 22:01:45,3236,2862,374
2018-12-05 22:03:48,3014,2649,365
2018-12-05 22:05:51,3677,3218,459
2018-12-05 22:07:55,3208,2808,400
2018-12-05 22:09:57,3218,2828,390
2018-12-05 22:11:59,3182,2750,432
2018-12-05 22:14:01,3866,3359,507
2018-12-05 22:16:04,3269,2862,407
2018-12-05 22:18:06,3332,2942,390
2018-12-05 22:20:08,4388,3878,510
2018-12-05 22:22:11,3643,3209,434
2018-12-05 22:24:12,3657,3215,442
2018-12-05 22:26:14,3574,3166,408
2018-12-05 22:28:17,3733,3261,472
2018-12-05 22:30:20,3503,3113,390
2018-12-05 22:32:22,3747,3280,467
2018-12-05 22:34:24,3780,3344,436
2018-12-05 22:36:25,3734,3263,471
2018-12-05 22:38:27,3546,3126,420
2018-12-05 22:40:29,3435,3044,391
2018-12-05 22:42:31,3772,3322,450
2018-12-05 22:44:34,3384,2996,388
2018-12-05 22:46:37,3341,2970,371
2018-12-05 22:48:39,3506,3051,455
2018-12-05 22:50:43,3500,3060,440
2018-12-05 22:52:45,3374,2957,417
2018-12-05 22:54:50,3148,2770,378
2018-12-05 22:56:52,3380,2941,439
2018-12-05 22:58:55,3371,2905,466
2018-12-05 23:00:59,3399,2947,452
2018-12-05 23:03:02,3353,2918,435
2018-12-05 23:05:04,3950,3419,531
2018-12-05 23:07:06,3382,2918,464
2018-12-05 23:09:08,3124,2725,399
2018-12-05 23:11:10,3551,3079,472
2018-12-05 23:13:14,3573,3086,487
2018-12-05 23:15:16,3305,2916,389
2018-12-05 23:17:19,3403,2973,430
2018-12-05 23:19:21,3719,3205,514
2018-12-05 23:21:25,3424,2991,433
2018-12-05 23:23:28,4518,3933,585
2018-12-05 23:25:31,3503,3041,462
2018-12-05 23:27:33,3584,3076,508
2018-12-05 23:29:36,3403,2914,489
2018-12-05 23:31:38,3929,3379,550
2018-12-05 23:33:41,4021,3473,548
2018-12-05 23:35:45,3702,3162,540
2018-12-05 23:37:49,3790,3280,510
2018-12-05 23:39:53,3716,3228,488
2018-12-05 23:41:56,3632,3131,501
2018-12-05 23:43:58,3590,3139,451
2018-12-05 23:46:01,3550,3099,451
2018-12-05 23:48:05,4552,3828,724
2018-12-05 23:50:09,3506,3069,437
2018-12-05 23:52:12,3601,3150,451
2018-12-05 23:54:16,3690,3228,462
2018-12-05 23:56:21,3685,3235,450
2018-12-05 23:58:25,3266,2900,366
2018-12-06 00:00:28,3627,3184,443
2018-12-06 00:02:32,3679,3209,470
2018-12-06 00:04:35,3391,3014,377
2018-12-06 00:06:39,3535,3088,447
2018-12-06 00:08:42,3485,3047,438
2018-12-06 00:10:44,3376,2979,397
2018-12-06 00:12:49,3338,2948,390
2018-12-06 00:14:52,3933,3302,631
2018-12-06 00:16:57,3300,2913,387
2018-12-06 00:19:00,3668,3154,514
2018-12-06 00:21:04,3996,3506,490
2018-12-06 00:23:08,4136,3635,501
2018-12-06 00:25:11,4062,3546,516
2018-12-06 00:27:15,4409,3862,547
2018-12-06 00:29:20,4099,3579,520
2018-12-06 00:31:24,4045,3532,513
2018-12-06 00:33:27,4340,3789,551
2018-12-06 00:35:31,5162,4162,1000
2018-12-06 00:37:35,4273,3770,503
2018-12-06 00:39:38,5217,4330,887
2018-12-06 00:41:41,4600,4000,600
2018-12-06 00:43:45,5860,4078,1782
2018-12-06 00:45:48,5559,4177,1382
2018-12-06 00:47:53,3981,3507,474
2018-12-06 00:49:56,4181,3654,527
2018-12-06 00:52:01,3988,3476,512
2018-12-06 00:54:04,4449,3864,585
2018-12-06 00:56:08,4466,3884,582
2018-12-06 00:58:12,4417,3807,610
2018-12-06 01:00:15,3933,3445,488
2018-12-06 01:02:19,4726,4105,621
2018-12-06 01:04:24,3816,3310,506
2018-12-06 01:06:27,3905,3417,488
2018-12-06 01:08:32,4278,3762,516
2018-12-06 01:10:35,3704,3240,464
2018-12-06 01:12:39,3602,3158,444
2018-12-06 01:14:42,4254,3724,530
2018-12-06 01:16:44,4693,3660,1033
2018-12-06 01:18:49,3329,2951,378
2018-12-06 01:20:52,3721,3264,457
2018-12-06 01:22:55,3571,3126,445
2018-12-06 01:24:57,3491,3069,422
2018-12-06 01:27:00,3535,3109,426
2018-12-06 01:29:02,3435,3005,430
2018-12-06 01:31:05,3543,3111,432
2018-12-06 01:33:07,4210,3713,497
2018-12-06 01:35:10,4138,3573,565
2018-12-06 01:37:12,4740,4064,676
2018-12-06 01:39:14,4404,3881,523
2018-12-06 01:41:17,3631,3190,441
2018-12-06 01:43:20,3994,3433,561
2018-12-06 01:45:23,3508,3063,445
2018-12-06 01:47:24,3780,3257,523
2018-12-06 01:49:26,3804,3286,518
2018-12-06 01:51:28,4861,4301,560
2018-12-06 01:53:31,6058,5446,612
2018-12-06 01:55:33,4295,3719,576
2018-12-06 01:57:35,4037,3474,563
2018-12-06 01:59:38,4207,3549,658
2018-12-06 02:01:41,4363,3715,648
2018-12-06 02:03:45,3775,3231,544
2018-12-06 02:05:47,4086,3527,559
2018-12-06 02:07:50,3943,3340,603
2018-12-06 02:09:53,3880,3311,569
2018-12-06 02:11:55,4146,3474,672
2018-12-06 02:13:59,4056,3470,586
2018-12-06 02:16:01,4106,3515,591
2018-12-06 02:18:04,3979,3426,553
2018-12-06 02:20:06,5448,4715,733
2018-12-06 02:22:09,4512,3879,633
2018-12-06 02:24:11,4020,3489,531
2018-12-06 02:26:13,4000,3456,544
2018-12-06 02:28:15,3902,3377,525
2018-12-06 02:30:18,3909,3410,499
2018-12-06 02:32:21,3475,2999,476
2018-12-06 02:34:24,3459,3005,454
2018-12-06 02:36:26,3345,2911,434
2018-12-06 02:38:31,3261,2883,378
2018-12-06 02:40:33,3971,3449,522
2018-12-06 02:42:37,3917,3413,504
2018-12-06 02:44:39,3842,3353,489
2018-12-06 02:46:41,4608,3912,696
2018-12-06 02:48:44,4748,4113,635
2018-12-06 02:50:49,3977,3472,505
2018-12-06 02:52:52,3989,3448,541
2018-12-06 02:54:55,3979,3475,504
2018-12-06 02:56:58,4199,3501,698
2018-12-06 02:59:01,3722,3238,484
2018-12-06 03:01:05,3722,3216,506
2018-12-06 03:03:09,3560,3111,449
2018-12-06 03:05:13,3688,3193,495
2018-12-06 03:07:18,4317,3687,630
2018-12-06 03:09:22,4178,3629,549
2018-12-06 03:11:27,3933,3437,496
2018-12-06 03:13:31,4853,3965,888
2018-12-06 03:15:35,3698,3244,454
2018-12-06 03:17:38,3486,3085,401
2018-12-06 03:19:42,3407,3028,379
2018-12-06 03:21:45,3402,3012,390
2018-12-06 03:23:47,4011,3439,572
2018-12-06 03:25:50,3306,2923,383
2018-12-06 03:27:53,3916,3370,546
2018-12-06 03:29:55,4366,3822,544
2018-12-06 03:31:58,5054,4317,737
2018-12-06 03:34:01,4697,4094,603
2018-12-06 03:36:04,4931,4204,727
2018-12-06 03:38:08,4446,3865,581
2018-12-06 03:40:10,4604,3976,628
2018-12-06 03:42:13,4483,3853,630
2018-12-06 03:44:16,4461,3793,668
2018-12-06 03:46:19,3842,3328,514
2018-12-06 03:48:23,4104,3459,645
2018-12-06 03:50:26,4374,3744,630
2018-12-06 03:52:29,3600,3140,460
2018-12-06 03:54:32,4264,3767,497
2018-12-06 03:56:35,4086,3534,552
2018-12-06 03:58:38,3766,3253,513
2018-12-06 04:00:40,3499,3036,463
2018-12-06 04:02:43,3636,3157,479
2018-12-06 04:04:46,3564,3106,458
2018-12-06 04:06:49,3260,2856,404
2018-12-06 04:08:52,3241,2892,349
2018-12-06 04:10:54,5052,3616,1436
2018-12-06 04:12:58,4251,3715,536
2018-12-06 04:15:03,3919,3441,478
2018-12-06 04:17:06,4341,3783,558
2018-12-06 04:19:09,4628,4007,621
2018-12-06 04:21:12,4361,3823,538
2018-12-06 04:23:15,4073,3551,522
2018-12-06 04:25:18,4189,3627,562
2018-12-06 04:27:20,4085,3547,538
2018-12-06 04:29:23,4155,3496,659
2018-12-06 04:31:26,3518,3052,466
2018-12-06 04:33:29,3751,3209,542
2018-12-06 04:35:32,3777,3258,519
2018-12-06 04:37:35,3733,3238,495
2018-12-06 04:39:37,4710,4057,653
2018-12-06 04:41:41,4081,3580,501
2018-12-06 04:43:44,4228,3670,558
2018-12-06 04:45:46,4511,3788,723
2018-12-06 04:47:49,3953,3443,510
2018-12-06 04:49:51,3762,3293,469
2018-12-06 04:51:54,3782,3315,467
2018-12-06 04:53:56,3633,3169,464
2018-12-06 04:55:58,3393,2988,405
2018-12-06 04:58:01,3701,3234,467
2018-12-06 05:00:03,3787,3332,455
2018-12-06 05:02:05,4475,3840,635
2018-12-06 05:04:07,4817,3933,884
2018-12-06 05:06:09,4234,3695,539
2018-12-06 05:08:11,4114,3602,512
2018-12-06 05:10:13,3662,3239,423
2018-12-06 05:12:16,3477,3085,392
2018-12-06 05:14:18,3151,2815,336
2018-12-06 05:16:20,3033,2711,322
2018-12-06 05:18:22,2526,2299,227
2018-12-06 05:20:24,2613,2380,233
2018-12-06 05:22:27,2627,2383,244
2018-12-06 05:24:29,2705,2439,266
2018-12-06 05:26:31,2694,2422,272
2018-12-06 05:28:33,2755,2420,335
2018-12-06 05:30:35,2459,2214,245
2018-12-06 05:32:38,2549,2284,265
2018-12-06 05:34:41,2279,2037,242
2018-12-06 05:36:43,2322,2069,253
2018-12-06 05:38:47,2401,2127,274
2018-12-06 05:40:49,2426,2132,294
2018-12-06 05:42:52,2479,2161,318
2018-12-06 05:44:54,2084,1842,242
2018-12-06 05:46:56,2172,1925,247
2018-12-06 05:48:59,2238,1990,248
2018-12-06 05:51:01,2940,2569,371
2018-12-06 05:53:05,3240,2817,423
2018-12-06 05:55:08,4198,3593,605
2018-12-06 05:57:10,5051,4230,821
2018-12-06 05:59:14,4446,3814,632
2018-12-06 06:01:17,4422,3833,589
2018-12-06 06:03:21,4393,3785,608
2018-12-06 06:05:29,4252,3697,555
2018-12-06 06:07:31,4833,4236,597
2018-12-06 06:09:33,4949,4296,653
2018-12-06 06:11:36,5119,4175,944
2018-12-06 06:13:38,3999,3486,513
2018-12-06 06:15:39,4227,3664,563
2018-12-06 06:17:41,4196,3554,642
2018-12-06 06:19:44,3811,3333,478
2018-12-06 06:21:46,4093,3517,576
2018-12-06 06:23:49,3867,3344,523
2018-12-06 06:25:51,4331,3763,568
2018-12-06 06:27:54,4072,3509,563
2018-12-06 06:29:57,5211,4105,1106
2018-12-06 06:31:59,4492,3914,578
2018-12-06 06:34:01,4150,3557,593
2018-12-06 06:36:04,3996,3441,555
2018-12-06 06:38:08,4465,3816,649
2018-12-06 06:40:11,4355,3737,618
2018-12-06 06:42:14,4205,3633,572
2018-12-06 06:44:17,4307,3686,621
2018-12-06 06:46:20,5291,4023,1268
2018-12-06 06:48:23,3881,3335,546
2018-12-06 06:50:25,3647,3141,506
2018-12-06 06:52:28,3524,3046,478
2018-12-06 06:54:30,3810,3261,549
2018-12-06 06:56:33,3445,2942,503
2018-12-06 06:58:35,3111,2668,443
2018-12-06 07:00:38,4053,3455,598
2018-12-06 07:02:41,3894,3383,511
2018-12-06 07:04:44,3553,3123,430
2018-12-06 07:06:47,3586,3147,439
2018-12-06 07:08:49,3633,3181,452
2018-12-06 07:10:51,2563,2294,269
2018-12-06 07:12:55,2437,2203,234
2018-12-06 07:14:57,2903,2581,322
2018-12-06 07:17:00,2895,2595,300
2018-12-06 07:19:03,3519,3092,427
2018-12-06 07:21:07,4305,3800,505
2018-12-06 07:23:11,4338,3694,644
2018-12-06 07:25:14,3900,3406,494
2018-12-06 07:27:16,4236,3697,539
2018-12-06 07:29:19,3657,3192,465
2018-12-06 07:31:20,4304,3674,630
2018-12-06 07:33:22,4186,3625,561
2018-12-06 07:35:25,4489,3840,649
2018-12-06 07:37:27,4763,4132,631
2018-12-06 07:39:29,4312,3761,551
2018-12-06 07:41:31,4239,3690,549
2018-12-06 07:43:34,4098,3546,552
2018-12-06 07:45:37,4069,3514,555
2018-12-06 07:47:41,3657,3165,492
2018-12-06 07:49:44,3768,3236,532
2018-12-06 07:51:48,3774,3210,564
2018-12-06 07:53:50,3883,3321,562
2018-12-06 07:55:53,3221,2759,462
2018-12-06 07:57:57,3507,2997,510
2018-12-06 07:59:59,3264,2839,425
2018-12-06 08:02:01,3839,3222,617
2018-12-06 08:04:04,3986,3448,538
2018-12-06 08:06:06,3856,3376,480
2018-12-06 08:08:09,3661,3228,433
2018-12-06 08:10:14,3739,3252,487
2018-12-06 08:12:17,4128,3561,567
2018-12-06 08:14:20,3624,3181,443
2018-12-06 08:16:23,4180,3663,517
2018-12-06 08:18:26,3849,3335,514
2018-12-06 08:20:29,3726,3232,494
2018-12-06 08:22:32,3964,3376,588
2018-12-06 08:24:34,4353,3758,595
2018-12-06 08:26:36,4197,3625,572
2018-12-06 08:28:39,3908,3328,580
2018-12-06 08:30:41,4226,3588,638
2018-12-06 08:32:44,4209,3590,619
2018-12-06 08:34:46,3897,3391,506
2018-12-06 08:36:49,4134,3583,551
2018-12-06 08:38:52,4484,3863,621
2018-12-06 08:40:56,3768,3281,487
2018-12-06 08:42:59,3910,3408,502
2018-12-06 08:45:02,4261,3634,627
2018-12-06 08:47:04,3639,3149,490
2018-12-06 08:49:07,3743,3167,576
2018-12-06 08:51:11,3412,2930,482
2018-12-06 08:53:13,3655,3152,503
2018-12-06 08:55:16,3182,2739,443
2018-12-06 08:57:19,3209,2744,465
2018-12-06 08:59:23,2894,2494,400
2018-12-06 09:01:27,3814,3276,538
2018-12-06 09:03:30,3349,2887,462
2018-12-06 09:05:33,4295,3713,582
2018-12-06 09:07:36,3681,3182,499
2018-12-06 09:09:39,3341,2932,409
2018-12-06 09:11:43,3200,2806,394
2018-12-06 09:13:46,2922,2575,347
2018-12-06 09:15:49,2407,2138,269
2018-12-06 09:17:51,2503,2187,316
2018-12-06 09:19:53,2771,2383,388
2018-12-06 09:21:55,3208,2745,463
2018-12-06 09:23:57,3279,2797,482
2018-12-06 09:25:59,4721,3731,990
2018-12-06 09:28:01,5341,4055,1286
2018-12-06 09:30:04,4945,4159,786
2018-12-06 09:32:06,5181,4097,1084
2018-12-06 09:34:08,4096,3542,554
2018-12-06 09:36:11,3894,3379,515
2018-12-06 09:38:12,5684,3980,1704
2018-12-06 09:40:15,3754,3290,464
2018-12-06 09:42:17,3607,3162,445
2018-12-06 09:44:19,4052,3512,540
2018-12-06 09:46:24,3470,3056,414
2018-12-06 09:48:27,3938,3335,603
2018-12-06 09:50:30,3539,3049,490
2018-12-06 09:52:33,3700,3153,547
2018-12-06 09:54:37,5299,4698,601
2018-12-06 09:56:41,3776,3217,559
2018-12-06 09:58:43,3676,3123,553
2018-12-06 10:00:45,3679,3128,551
2018-12-06 10:02:48,4126,3538,588
2018-12-06 10:04:51,4124,3545,579
2018-12-06 10:06:54,3988,3427,561
2018-12-06 10:08:57,3952,3394,558
2018-12-06 10:11:00,4248,3638,610
2018-12-06 10:13:03,4825,3934,891
2018-12-06 10:15:07,5238,4639,599
2018-12-06 10:17:10,4040,3518,522
2018-12-06 10:19:13,4142,3593,549
2018-12-06 10:21:16,4723,4083,640
2018-12-06 10:23:19,3982,3418,564
2018-12-06 10:25:22,3620,3123,497
2018-12-06 10:27:25,4258,3655,603
2018-12-06 10:29:31,4073,3335,738
2018-12-06 10:31:34,3695,3149,546
2018-12-06 10:33:37,3601,3067,534
2018-12-06 10:35:40,3491,3004,487
2018-12-06 10:37:43,3726,3131,595
2018-12-06 10:39:46,3348,2897,451
2018-12-06 10:41:48,3143,2755,388
2018-12-06 10:43:51,3485,3021,464
2018-12-06 10:45:54,3859,3240,619
2018-12-06 10:47:57,3854,3336,518
2018-12-06 10:50:00,4784,3918,866
2018-12-06 10:52:02,4221,3625,596
2018-12-06 10:54:05,4141,3526,615
2018-12-06 10:56:08,3648,3161,487
2018-12-06 10:58:11,4234,3629,605
2018-12-06 11:00:15,4152,3547,605
2018-12-06 11:02:19,3813,3232,581
2018-12-06 11:04:21,3455,2997,458
2018-12-06 11:06:24,3609,3104,505
2018-12-06 11:08:26,3940,3397,543
2018-12-06 11:10:28,3772,3222,550
2018-12-06 11:12:30,3514,3021,493
2018-12-06 11:14:33,3976,3420,556
2018-12-06 11:16:37,3540,3034,506
2018-12-06 11:18:39,3487,3003,484
2018-12-06 11:20:42,3805,3273,532
2018-12-06 11:22:46,3536,3020,516
2018-12-06 11:24:49,3679,3122,557
2018-12-06 11:26:53,4237,3679,558
2018-12-06 11:28:57,4192,3559,633
2018-12-06 11:31:00,3989,3430,559
2018-12-06 11:33:03,4710,3963,747
2018-12-06 11:35:06,3847,3336,511
2018-12-06 11:37:09,3842,3306,536
2018-12-06 11:39:13,3517,3097,420
2018-12-06 11:41:15,4181,3682,499
2018-12-06 11:43:18,3518,3094,424
2018-12-06 11:45:21,3881,3375,506
2018-12-06 11:47:24,3825,3332,493
2018-12-06 11:49:26,4160,3521,639
2018-12-06 11:51:29,3981,3473,508
2018-12-06 11:53:33,4742,3809,933
2018-12-06 11:55:36,3739,3262,477
2018-12-06 11:57:39,3752,3274,478
2018-12-06 11:59:41,3837,3340,497
2018-12-06 12:01:43,4179,3604,575
2018-12-06 12:03:47,3885,3369,516
2018-12-06 12:05:50,3807,3321,486
2018-12-06 12:07:53,3932,3446,486
2018-12-06 12:09:56,3851,3371,480
2018-12-06 12:11:59,3510,3085,425
2018-12-06 12:14:02,3376,2958,418
2018-12-06 12:16:06,3883,3350,533
2018-12-06 12:18:09,3797,3309,488
2018-12-06 12:20:13,5396,4744,652
2018-12-06 12:22:17,5411,3974,1437
2018-12-06 12:24:21,4273,3749,524
2018-12-06 12:26:24,4813,4299,514
2018-12-06 12:28:27,4501,3897,604
2018-12-06 12:30:29,4588,4068,520
2018-12-06 12:32:32,3868,3395,473
2018-12-06 12:34:34,3737,3294,443
2018-12-06 12:36:37,4195,3591,604
2018-12-06 12:38:39,4394,3736,658
2018-12-06 12:40:44,4114,3579,535
2018-12-06 12:42:47,4408,3816,592
2018-12-06 12:44:50,4368,3731,637
2018-12-06 12:46:53,4058,3502,556
2018-12-06 12:48:56,4170,3604,566
2018-12-06 12:50:58,4400,3795,605
2018-12-06 12:53:03,3899,3433,466
2018-12-06 12:55:05,3765,3311,454
2018-12-06 12:57:10,3628,3222,406
2018-12-06 12:59:13,3383,3000,383
2018-12-06 13:01:16,2832,2550,282
2018-12-06 13:03:19,3236,2795,441
2018-12-06 13:05:23,3435,3021,414
2018-12-06 13:07:26,4143,3633,510
2018-12-06 13:09:28,3954,3460,494
2018-12-06 13:09:58,3978,3484,494
2018-12-06 13:12:01,5327,4683,644
